0.255721
0.258185
0.267231
0.262299
0.263818
0.263566
0.259806
0.263277
0.263203
0.263151
0.259779
0.259723
0.263059
0.263039
0.25964
0.263013
0.262989
0.262973
0.261872
0.263701
0.26771
0.261835
0.264645
0.261368
0.262906
0.261684
0.259982
0.263241
0.263093
0.262986
0.262913
0.262863
0.262826
0.262797
0.262774
0.266684
0.261847
0.257456
0.263431
0.263128
0.262939
0.268607
0.25807
0.258739
0.260639
0.263138
0.261329
0.262764
0.262667
0.259424
0.262549
0.262519
0.262495
0.262475
0.262457
0.26244
0.262424
0.262409
0.262393
0.262378
0.262363
0.262349
0.262334
0.262852
0.265206
0.258051
0.267607
0.263959
0.264586
0.263791
0.267009
0.263214
0.26409
0.263495
0.26684
0.263007
0.267632
0.264261
0.261961
0.262774
0.262544
0.262481
0.262437
0.262404
0.262378
0.262356
0.262336
0.262318
0.2596
0.262793
0.262467
0.262331
0.262238
0.262172
0.262124
0.262087
0.262058
0.264419
0.26104
0.263443
0.262912
0.262547
0.262309
0.262152
0.262048
0.261978
0.261928
0.265626
0.263943
0.260125
0.262626
0.263724
0.261246
0.263088
0.261797
0.262341
0.262816
0.258599
0.262157
0.261844
0.261985
0.260094
0.261289
0.256971
0.258592
0.261764
0.262066
0.261768
0.262741
0.262185
0.258989
0.26171
0.261475
0.263941
0.263141
0.262343
0.259
0.263385
0.262503
0.261966
0.261599
0.261346
0.26117
0.261046
0.260958
0.260893
0.260844
0.257732
0.260834
0.260775
0.260749
0.260727
0.260707
0.262553
0.260107
0.260693
0.260671
0.260651
0.260634
0.260621
0.260609
0.260598
0.260587
0.260577
0.260568
0.260558
0.26424
0.258812
0.260793
0.260697
0.260628
0.26058
0.260546
0.261419
0.260761
0.260605
0.26055
0.260508
0.260475
0.260449
0.260426
0.269008
0.254622
0.258292
0.26036
0.260338
0.260325
0.260314
0.260304
0.260294
0.260285
0.260276
0.260267
0.260258
0.260249
0.262465
0.26188
0.261281
0.260959
0.260733
0.260573
0.260457
0.260372
0.260309
0.260261
0.260224
0.260194
0.26017
0.260149
0.260131
0.260116
0.260101
0.260088
0.260076
0.260064
0.260053
0.260042
0.260031
0.260021
0.260011
0.267384
0.258439
0.263398
0.258129
0.261028
0.260067
0.259957
0.259934
0.259917
0.259904
0.259893
0.259884
0.259875
0.259867
0.259859
0.259851
0.259843
0.259835
0.256956
0.259866
0.259826
0.259815
0.259804
0.259794
0.259784
0.259774
0.259765
0.259755
0.259746
0.259737
0.259727
0.259718
0.259709
0.261521
0.25922
0.257874
0.259674
0.259658
0.260294
0.260007
0.261377
0.261208
0.260699
0.25733
0.260327
0.260113
0.259976
0.259875
0.26124
0.26133
0.258399
0.259771
0.259727
0.25969
0.25966
0.259634
0.259613
0.259595
0.256764
0.259621
0.259574
0.259556
0.25954
0.259526
0.259512
0.2595
0.259488
0.259476
0.259465
0.259454
0.259444
0.259433
0.259423
0.259413
0.259403
0.262915
0.257044
0.259458
0.259413
0.25938
0.262861
0.256204
0.259514
0.259438
0.259387
0.259351
0.259324
0.257994
0.25958
0.259435
0.259386
0.259348
0.259317
0.259291
0.25927
0.256501
0.259294
0.259245
0.259226
0.259208
0.259193
0.262667
0.258521
0.259341
0.259269
0.259212
0.259172
0.259143
0.259122
0.259106
0.259093
0.259083
0.259074
0.259065
0.259057
0.260634
0.258284
0.259036
0.255239
0.259051
0.259014
0.259006
0.258998
0.25899
0.258981
0.258973
0.258965
0.258956
0.258947
0.260509
0.258172
0.25628
0.258936
0.258901
0.258893
0.258885
0.258877
0.258868
0.25886
0.258851
0.258843
0.258834
0.258825
0.258816
0.258807
0.258798
0.258788
0.258779
0.25877
0.25876
0.258751
0.258741
0.258732
0.258722
0.258713
0.258703
0.258693
0.258684
0.258674
0.258664
0.258654
0.258645
0.258635
0.258625
0.258615
0.258605
0.258595
0.258585
0.258575
0.258565
0.258555
0.258545
0.258534
0.258524
0.258514
0.258504
0.258493
0.258483
0.258473
0.258462
0.258452
0.258441
0.258431
0.25842
0.25841
0.258399
0.258388
0.258377
0.258367
0.258356
0.258345
0.258334
0.258323
0.258312
0.258301
0.25829
0.258278
0.258267
0.258256
0.258244
0.258233
0.258221
0.25821
0.258198
0.258186
0.258174
0.258163
0.258151
0.258139
0.258126
0.258114
0.258102
0.25809
0.258077
0.258065
0.258052
0.258039
0.258026
0.255405
0.258058
0.258012
0.257995
0.257978
0.257962
0.257947
0.257931
0.256648
0.257965
0.257932
0.257907
0.257884
0.257862
0.257842
0.257823
0.257805
0.257787
0.25777
0.257752
0.257735
0.257719
0.257702
0.257685
0.257669
0.257652
0.257635
0.257618
0.257601
0.257584
0.262347
0.257271
0.2581
0.257935
0.257807
0.257713
0.257642
0.257588
0.257547
0.256164
0.257474
0.255756
0.257506
0.257466
0.257436
0.257407
0.257381
0.257356
0.257331
0.257308
0.257285
0.257262
0.257239
0.257216
0.257194
0.257171
0.257149
0.257126
0.257103
0.257079
0.257056
0.257032
0.257008
0.255483
0.257011
0.256961
0.256933
0.256905
0.256877
0.25685
0.260065
0.25632
0.256928
0.256845
0.256773
0.256714
0.256664
0.25662
0.25658
0.256543
0.256508
0.256474
0.25644
0.256406
0.256371
0.252769
0.256416
0.256332
0.256282
0.256234
0.256187
0.256141
0.256095
0.25605
0.256003
0.255957
0.25591
0.255863
0.255814
0.255765
0.255716
0.255665
0.255613
0.25556
0.255506
0.255451
0.255395
0.255337
0.252865
0.255291
0.255195
0.255128
0.25506
0.254992
0.254922
0.254851
0.254779
0.254706
0.254631
0.252173
0.254553
0.254437
0.25435
0.254263
0.254174
0.254083
0.253991
0.254175
0.254139
0.253949
0.253807
0.253672
0.253542
0.253415
0.25329
0.253166
0.253041
0.252915
0.252788
0.252659
0.252527
0.252393
0.252255
0.252115
0.251971
0.251824
0.251673
0.251519
0.25136
0.251197
0.25103
0.250858
0.250682
0.250501
0.250316
0.250125
0.24993
0.249729
0.249523
0.249311
0.247342
0.248974
0.248703
0.24844
0.248177
0.247911
0.247643
0.247371
0.247094
0.246813
0.246526
0.246233
0.245934
0.245628
0.245316
0.244997
0.244671
0.244338
0.243998
0.243651
0.243296
0.242934
0.242565
0.242188
0.241804
0.241412
0.241013
0.240606
0.241638
0.239153
0.239174
0.23872
0.23826
0.237797
0.237329
0.236856
0.236378
0.235894
0.235403
0.234907
0.234406
0.233898
0.233384
0.232865
0.23234
0.23181
0.231275
0.230735
0.23019
0.228261
0.229354
0.228776
0.228199
0.227621
0.227042
0.226461
0.225879
0.225294
0.224708
0.22412
0.22417
0.223116
0.22247
0.221862
0.221257
0.220654
0.220052
0.219451
0.218852
0.218253
0.217654
0.217057
0.21646
0.215865
0.21527
0.214676
0.214083
0.213492
0.212902
0.212314
0.211727
0.211142
0.210559
0.209978
0.2094
0.208823
0.208249
0.207677
0.207107
0.20654
0.205976
0.205415
0.205975
0.203575
0.203705
0.203139
0.202577
0.202021
0.20147
0.200925
0.200385
0.199849
0.199317
0.198789
0.198266
0.197746
0.19723
0.196718
0.196209
0.195704
0.195506
0.194807
0.194277
0.193781
0.19329
0.192803
0.192321
0.191842
0.191368
0.190898
0.190431
0.189968
0.189508
0.189052
0.188542
0.188274
0.187788
0.187332
0.186883
0.186439
0.186
0.185565
0.185135
0.184708
0.184285
0.183866
0.183451
0.183038
0.182629
0.182223
0.181821
0.181421
0.180613
0.180696
0.180305
0.179916
0.17953
0.179146
0.178766
0.178388
0.178013
0.17764
0.17727
0.176453
0.176592
0.176214
0.175855
0.175498
0.175144
0.174793
0.174443
0.174097
0.173752
0.17341
0.17307
0.172733
0.172398
0.172065
0.171734
0.171405
0.171079
0.170755
0.170432
0.170112
0.169794
0.169477
0.169163
0.168851
0.16854
0.168232
0.167925
0.16762
0.167316
0.167015
0.166715
0.166417
0.16612
0.165825
0.165532
0.16524
0.16495
0.164661
0.164374
0.164088
0.163803
0.16352
0.163238
0.162958
0.162679
0.162401
0.162124
0.161848
0.161573
0.1613
0.161028
0.160756
0.160486
0.160217
0.15969
0.160158
0.159247
0.159041
0.158776
0.158512
0.158248
0.157985
0.157723
0.157461
0.157065
0.157136
0.156874
0.156612
0.15635
0.156088
0.155827
0.155566
0.155306
0.155045
0.154785
0.154398
0.154466
0.154184
0.154332
0.154023
0.153752
0.153483
0.153216
0.15295
0.152686
0.152423
0.15216
0.151898
0.151636
0.151375
0.151114
0.150852
0.150556
0.150314
0.150034
0.149764
0.149496
0.149227
0.148958
0.148689
0.14842
0.14815
0.14788
0.147609
0.147338
0.147066
0.146793
0.146519
0.146244
0.145969
0.145692
0.145415
0.145136
0.145051
0.144354
0.144279
0.143996
0.14371
0.143423
0.143136
0.142847
0.142556
0.142265
0.141972
0.141678
0.141382
0.141085
0.140787
0.139941
0.140023
0.139712
0.139406
0.139097
0.138788
0.138647
0.138083
0.137809
0.137493
0.137175
0.136856
0.136536
0.136214
0.135891
0.135448
0.13533
0.134985
0.134657
0.134327
0.134033
0.133575
0.133231
0.132894
0.132556
0.132216
0.131876
0.131534
0.131192
0.130848
0.130572
0.130491
0.130117
0.129763
0.12941
0.129056
0.128701
0.128347
0.127992
0.127638
0.127172
0.12704
0.126666
0.126309
0.125951
0.125594
0.125236
0.124879
0.124522
0.124164
0.123807
0.12345
0.123323
0.122573
0.12232
0.121964
0.121607
0.121251
0.120895
0.12054
0.120185
0.11983
0.119477
0.119123
0.118771
0.118419
0.118068
0.117531
0.117481
0.117133
0.116784
0.116436
0.116089
0.115744
0.115399
0.115056
0.114714
0.114373
0.114034
0.113473
0.114067
0.113709
0.113354
0.113002
0.112653
0.112308
0.111966
0.111626
0.11129
0.110956
0.110624
0.110296
0.10997
0.109646
0.109387
0.108999
0.108891
0.108578
0.108266
0.107956
0.107648
0.107342
0.107039
0.106737
0.106437
0.10614
0.105844
0.105551
0.10526
0.104971
0.104684
0.104399
0.104116
0.103836
0.103557
0.103281
0.103007
0.102735
0.102465
0.102197
0.101931
0.101667
0.101406
0.101146
0.100889
0.100634
0.100381
0.10013
0.0998807
0.0996338
0.099389
0.0991462
0.0989097
0.0986087
0.09837
0.0981356
0.0979032
0.0976729
0.0974445
0.0972181
0.0969937
0.0967712
0.0965507
0.096332
0.0961153
0.0959005
0.0956876
0.0954766
0.0952674
0.09506
0.0948545
0.0946508
0.094449
0.0942489
0.0940505
0.093854
0.0936592
0.0934661
0.0932747
0.0930851
0.0928971
0.0927108
0.0925262
0.0923432
0.0921618
0.0919821
0.091804
0.0916274
0.0914524
0.091279
0.0911072
0.0909369
0.090768
0.0906007
0.0904349
0.0902705
0.0901076
0.0899462
0.0897862
0.0896275
0.0894703
0.0893145
0.0891601
0.0890527
0.0888385
0.0887405
0.0885352
0.0884385
0.088203
0.0881235
0.0879828
0.087832
0.0876902
0.0875496
0.0874103
0.0872723
0.0871354
0.0869998
0.0868653
0.086732
0.0865999
0.0864689
0.086339
0.0862103
0.0860827
0.0859562
0.0858307
0.0857064
0.0855831
0.0854608
0.0853273
0.0851804
0.0850605
0.0849426
0.0848258
0.0847099
0.084595
0.0844811
0.0843681
0.0842561
0.084145
0.0840544
0.0839696
0.0838652
0.0837613
0.0836217
0.0835676
0.0834645
0.0833578
0.0832576
0.0831547
0.0830526
0.0829537
0.0828543
0.0827583
0.082649
0.0825303
0.0824377
0.0823336
0.0822182
0.0821228
0.0820288
0.0819357
0.0818232
0.0817799
0.0816642
0.0815729
0.0814885
0.0814115
0.0813261
0.0812404
0.0811672
0.0810722
0.0809868
0.0808819
0.0808254
0.0807105
0.0806138
0.0805704
0.0804863
0.0804047
0.0803237
0.0802433
0.0801462
0.0801077
0.0800263
0.0799307
0.0798954
0.0798154
0.0797386
0.0796624
0.0796105
0.0795019
0.079463
0.0793516
0.0792812
0.0792086
0.0791365
0.0790649
0.0789938
0.0789233
0.0788752
0.0787868
0.0787059
0.0786373
0.0785693
0.0785018
0.0784348
0.0783683
0.0783229
0.0782321
0.0781696
0.0781252
0.0780489
0.0779748
0.0779113
0.0778483
0.0777857
0.0777236
0.0776619
0.0776007
0.0775399
0.0774795
0.0774195
0.07736
0.0773065
0.077236
0.0771775
0.0771196
0.0770621
0.0770049
0.0769482
0.0768918
0.0768357
0.0767801
0.0767248
0.07667
0.0766154
0.0765612
0.0765074
0.076454
0.0764009
0.0763481
0.0762957
0.0762436
0.0761919
0.0761404
0.0760894
0.0760393
0.0760137
0.0759549
0.0759286
0.0758685
0.0758189
0.0757697
0.0757208
0.0756722
0.0756239
0.075576
0.0755283
0.075481
0.0754339
0.0753871
0.0753298
0.0752833
0.0752374
0.0751919
0.0751466
0.0751016
0.0750568
0.0750124
0.0749682
0.0749243
0.0748806
0.0748372
0.074784
0.0747408
0.0746982
0.0746559
0.0746139
0.0745721
0.0745305
0.0744892
0.0744414
0.0744068
0.0743867
0.0743448
0.0743044
0.0742642
0.0742243
0.0741846
0.0741452
0.074106
0.074067
0.0740283
0.0739898
0.0739515
0.0739135
0.0738756
0.073838
0.0737918
0.0737552
0.0737188
0.0736833
0.0736467
0.0736104
0.0735743
0.0735384
0.0735027
0.0734672
0.0734319
0.0733968
0.0733618
0.0733271
0.0732926
0.0732581
0.0732158
0.0731816
0.0731478
0.0731142
0.0730808
0.0730476
0.0730146
0.0729817
0.072949
0.0729165
0.0728842
0.072852
0.0728201
0.0727882
0.0727566
0.0727251
0.0726938
0.0726626
0.0726316
0.0726008
0.0725701
0.0725396
0.0725092
0.072479
0.072449
0.0724191
0.0723893
0.0723597
0.0723303
0.072301
0.0722719
0.0722429
0.072214
0.0721853
0.0721567
0.0721283
0.0721
0.0720719
0.0720439
0.072016
0.0719883
0.0719607
0.0719333
0.071906
0.0718788
0.0718517
0.0718248
0.071798
0.0717714
0.0717449
0.0717265
0.0716891
0.071655
0.0716371
0.0715943
0.0715823
0.0715559
0.0715303
0.0715049
0.0714796
0.0714544
0.0714293
0.0714043
0.0713795
0.0713586
0.0713262
0.0713016
0.0712772
0.071253
0.0712288
0.0712047
0.0711808
0.0711569
0.0711332
0.0711096
0.0710861
0.0710627
0.0710394
0.0710162
0.0709931
0.0709701
0.0709472
0.0709245
0.0709018
0.0708792
0.0708567
0.0708343
0.0708121
0.0707899
0.0707678
0.0707458
0.0707239
0.0707021
0.0706804
0.0706588
0.0706373
0.0706159
0.0705945
0.0705733
0.0705522
0.0705311
0.0705101
0.0704893
0.0704685
0.0704478
0.0704272
0.0704066
0.0703862
0.0703658
0.0703456
0.0703254
0.0703053
0.0702853
0.0702716
0.0702436
0.0702246
0.0702006
0.0701863
0.0701753
0.0701551
0.0701357
0.0701164
0.0700971
0.070078
0.0700589
0.0700398
0.0700209
0.070002
0.0699832
0.0699645
0.0699459
0.0699273
0.0699088
0.0698904
0.0698721
0.0698538
0.0698356
0.0698174
0.0697994
0.0697814
0.0697635
0.0697456
0.0697278
0.0697101
0.0696925
0.0696747
0.0696526
0.069635
0.0696176
0.0696003
0.0695831
0.0695659
0.0695488
0.0695318
0.0695148
0.0694979
0.0694811
0.0694643
0.0694475
0.0694309
0.0694143
0.0693978
0.0693813
0.0693649
0.0693485
0.0693322
0.069316
0.0692998
0.0692837
0.0692676
0.0692516
0.0692357
0.0692198
0.069204
0.0691882
0.0691692
0.0691609
0.0691447
0.0691292
0.0691137
0.0690943
0.069088
0.0690721
0.0690568
0.0690414
0.0690262
0.069011
0.0689958
0.0689808
0.0689657
0.0689507
0.0689358
0.0689209
0.068906
0.0688913
0.0688765
0.0688619
0.0688472
0.0688326
0.0688181
0.0688036
0.0687892
0.0687748
0.0687605
0.0687462
0.0687319
0.0687177
0.0687036
0.0686895
0.0686754
0.0686614
0.0686474
0.0686335
0.0686197
0.0686058
0.068592
0.0685752
0.0685685
0.0685543
0.0685368
0.0685231
0.0685096
0.068496
0.0684851
0.0684437
0.0684487
0.0684333
0.0684076
0.0684096
0.0684033
0.068394
0.0683752
0.0683619
0.0683487
0.0683356
0.0683226
0.0683032
0.0682835
0.0682703
0.0682549
0.0682526
0.0682313
0.0682254
0.0682124
0.0681996
0.0681869
0.0681742
0.068159
0.0681499
0.0681437
0.0681278
0.0681185
0.0681126
0.0681005
0.0680905
0.0680781
0.0680658
0.0680535
0.0680413
0.0680291
0.0680206
0.0680054
0.0679901
0.0679816
0.0679763
0.0679643
0.0679375
0.0679156
0.0679254
0.0679136
0.0679053
0.0678924
0.0678761
0.0678643
0.0678525
0.0678409
0.0678292
0.0678175
0.0678059
0.0677944
0.0677828
0.0677713
0.0677632
0.0677478
0.0677363
0.0677249
0.0677135
0.0677022
0.0676909
0.0676796
0.0676684
0.0676572
0.067646
0.0676348
0.0676237
0.0676126
0.0676015
0.0675905
0.0675794
0.0675663
0.0675596
0.0675485
0.0675314
0.0675201
0.0675092
0.0674983
0.0674875
0.0674799
0.0674651
0.0674602
0.0674521
0.0674413
0.0674306
0.0674179
0.0674114
0.0674006
0.06739
0.0673794
0.0673688
0.0673582
0.0673477
0.0673372
0.0673267
0.0673163
0.067298
0.0672883
0.0672779
0.0672675
0.0672572
0.0672468
0.0672365
0.0672262
0.0672159
0.0672057
0.0671954
0.0671852
0.067175
0.0671648
0.0671546
0.0671445
0.0671344
0.0671243
0.0671142
0.0671041
0.067094
0.067082
0.0670757
0.0670656
0.0670556
0.0670456
0.0670356
0.0670256
0.0670157
0.0670038
0.0669977
0.0669876
0.0669777
0.0669678
0.0669579
0.0669481
0.0669363
0.0669303
0.0669203
0.0669105
0.0669007
0.0668936
0.066876
0.0668668
0.066857
0.0668472
0.0668375
0.0668259
0.0668198
0.06681
0.066803
0.0667911
0.066784
0.0667688
0.0667626
0.0667528
0.0667431
0.0667362
0.0667231
0.0667133
0.0667037
0.0666941
0.0666872
0.0666728
0.0666623
0.0666527
0.0666432
0.0666336
0.0666241
0.0666145
0.0666027
0.0666002
0.0665908
0.0665813
0.0665718
0.0665624
0.0665529
0.0665435
0.066534
0.0665246
0.0665151
0.0665057
0.0664963
0.0664869
0.0664775
0.0664681
0.0664587
0.0664493
0.0664399
0.0664305
0.0664211
0.0664117
0.0664024
0.066393
0.0663836
0.0663742
0.0663649
0.0663555
0.0663461
0.0663368
0.0663274
0.0663181
0.0663087
0.0662993
0.06629
0.0662806
0.0662713
0.0662619
0.0662525
0.0662432
0.0662338
0.0662245
0.0662151
0.0662057
0.0661964
0.066187
0.0661776
0.0661682
0.0661588
0.0661495
0.06614
0.0661307
0.0661213
0.0661118
0.0661024
0.066093
0.0660836
0.0660741
0.0660631
0.0660561
0.066034
0.0660386
0.0660292
0.0660196
0.06601
0.0660004
0.0659909
0.0659813
0.0659717
0.0659621
0.0659525
0.0659428
0.0659332
0.0659213
0.0659206
0.065911
0.0659013
0.0658917
0.065882
0.0658723
0.0658626
0.0658529
0.0658432
0.0658335
0.0658237
0.0658139
0.0658042
0.0657943
0.0657845
0.0657747
0.0657648
0.0657549
0.065745
0.0657291
0.0657185
0.0657085
0.0656984
0.0656884
0.0656784
0.0656683
0.0656581
0.065648
0.0656378
0.0656277
0.0656174
0.0656072
0.0655969
0.0655866
0.0655763
0.0655628
0.0655633
0.0655531
0.0655427
0.0655323
0.0655218
0.0655114
0.0655009
0.0654903
0.0654797
0.0654691
0.0654585
0.0654478
0.0654371
0.0654263
0.0654155
0.0654047
0.0653938
0.0653829
0.0653719
0.0653609
0.0653498
0.0653387
0.0653276
0.0653164
0.0653051
0.0652938
0.0652825
0.0652711
0.0652597
0.0652482
0.0652366
0.065225
0.0652133
0.0652016
0.0651898
0.065178
0.065166
0.0651541
0.0651421
0.06513
0.0651178
0.0651056
0.0650933
0.0650809
0.0650685
0.0650559
0.0650434
0.0650307
0.0650179
0.0650051
0.0649922
0.0649792
0.0649662
0.064953
0.0649398
0.0649264
0.064913
0.0648995
0.0648859
0.0648722
0.0648584
0.0648445
0.0648304
0.0648163
0.0648021
0.0647878
0.0647752
0.0647591
0.0647444
0.0647296
0.0647147
0.0646996
0.0646844
0.0646691
0.0646537
0.0646381
0.0646224
0.0646066
0.0645906
0.0645744
0.0645581
0.0645417
0.0645251
0.0645083
0.0644913
0.0644742
0.0644569
0.0644395
0.0644219
0.064404
0.064386
0.0643678
0.0643494
0.0643308
0.064312
0.0642929
0.0642737
0.0642542
0.0642345
0.0642146
0.0641944
0.064174
0.0641533
0.0641324
0.0641112
0.0640897
0.064068
0.0640459
0.0640236
0.064001
0.063978
0.0639548
0.0639312
0.0639073
0.063883
0.0638584
0.0638334
0.0638081
0.0637814
0.0637406
0.0637497
0.0637233
0.0636963
0.0636688
0.0636409
0.0636125
0.0635797
0.0635905
0.0635616
0.063532
0.0635019
0.0634713
0.0634402
0.0634085
0.0633762
0.0633433
0.0633098
0.0632757
0.063241
0.0632055
0.0631694
0.0631326
0.063095
0.0630566
0.0630175
0.0629776
0.0629368
0.0628951
0.0628525
0.062809
0.0627645
0.062719
0.0626724
0.0626248
0.062576
0.062526
0.0624749
0.0624225
0.0623687
0.0623136
0.0622571
0.062199
0.0621395
0.0620783
0.0620154
0.0619508
0.0618844
0.0618161
0.0617458
0.0616734
0.0615988
0.0615219
0.0614427
0.0613609
0.0612766
0.0611895
0.0610995
0.0610065
0.0609103
0.0608107
0.0607076
0.0606009
0.0604902
0.0603754
0.0602562
0.0601324
0.0600038
0.05987
0.0597308
0.0595858
0.0594347
0.0592772
0.0591127
0.0589408
0.0587612
0.0585732
0.0583764
0.0581702
0.0579538
0.0577266
0.0574878
0.0572367
0.0569723
0.0566937
0.0563998
0.0560895
0.0557615
0.0554146
0.0550473
0.0546579
0.054245
0.0538065
0.0533407
0.0528453
0.0523183
0.0517573
0.05116
0.0505237
0.049846
0.0491244
0.0483566
0.0475403
0.0466738
0.0457557
0.0447854
0.0437634
0.042691
0.0415715
0.0404093
0.0392111
0.0379854
0.0367424
0.0354939
0.0342528
0.0330322
0.0318449
0.0307022
0.0296134
0.0285855
0.0276225
0.0267257
0.0258943
0.0251255
0.0244309
0.0234404
0.0228751
0.0223617
0.021877
0.0214183
0.0209833
0.0205699
0.0201765
0.0198013
0.0194432
0.0191009
0.0187733
0.0184596
0.0181588
0.0178703
0.0175934
0.0173274
0.0170718
0.0168261
0.0165897
0.0163622
0.0161432
0.0159322
0.015729
0.0155331
0.0153442
0.015162
0.0149862
0.0148165
0.0146527
0.0144944
0.0143415
0.0141936
0.0140507
0.0139124
0.0137786
0.0136491
0.0135236
0.0134021
0.0132844
0.0131702
0.0130595
0.0129521
0.0128479
0.0127467
0.0126484
0.0125529
0.0124601
0.0123698
0.012282
0.0121966
0.0121135
0.0120325
0.0119536
0.0118768
0.0118018
0.0117287
0.0116574
0.0115878
0.0115199
0.0114535
0.0113887
0.0113253
0.0112634
0.0112028
0.011049
0.011077
0.0110201
0.0109638
0.0109087
0.0108548
0.0108021
0.0107504
0.0106998
0.0106502
0.0106015
0.0105538
0.0105069
0.0104609
0.0104156
0.0103712
0.0103275
0.0102845
0.0102422
0.0102006
0.0101597
0.0101194
0.0100797
0.0100405
0.010002
0.00996399
0.00992653
0.00988958
0.00985315
0.0098172
0.00978172
0.0097467
0.00971213
0.00967799
0.00964428
0.00961097
0.00957806
0.00954555
0.00951341
0.00948164
0.00945023
0.00941917
0.00938845
0.00935806
0.00932799
0.00929824
0.00926879
0.00923965
0.0092108
0.00918224
0.00915396
0.00912596
0.00909822
0.00907074
0.00904352
0.00901655
0.00898983
0.00896334
0.00893709
0.00891107
0.00888528
0.00885971
0.00883435
0.00880921
0.00878427
0.00875954
0.00873502
0.00871069
0.00868655
0.0086626
0.00863884
0.00861526
0.00859186
0.00856863
0.00854559
0.00852272
0.00850001
0.00847747
0.00845509
0.00843288
0.00841081
0.00838891
0.00836716
0.00834556
0.00832411
0.00830281
0.00828164
0.00826062
0.00823974
0.008219
0.0081984
0.00817793
0.00815759
0.00813738
0.0081173
0.00809734
0.00807752
0.00805781
0.00803823
0.00801877
0.00799943
0.0079802
0.0079611
0.00794211
0.00792323
0.00790446
0.00788581
0.00786727
0.00784883
0.00783049
0.00781227
0.00779415
0.00777612
0.00775821
0.0077404
0.00772268
0.00770507
0.00770477
0.00767737
0.00765674
0.00763948
0.00762234
0.00760529
0.00758835
0.00757149
0.00755473
0.00753806
0.00752147
0.00750498
0.00748857
0.00747225
0.00745601
0.00743986
0.00742379
0.0074078
0.00736427
0.00739288
0.00737545
0.00735898
0.00734268
0.00732654
0.00731054
0.00729469
0.00727896
0.00726335
0.00724786
0.00723248
0.0072172
0.00720203
0.00718695
0.00717196
0.00715706
0.00714225
0.00712753
0.00711288
0.00709831
0.00708382
0.00706941
0.00705506
0.0070408
0.00702661
0.00701248
0.00699843
0.00698444
0.00697052
0.00695666
0.00694287
0.00692915
0.00691549
0.00690189
0.00688835
0.00687488
0.00686146
0.00684811
0.00683482
0.00682158
0.00680841
0.00679529
0.00678224
0.00676923
0.00675629
0.0067434
0.00673057
0.0067178
0.00670507
0.0066924
0.00667979
0.00666723
0.00665472
0.00664227
0.00662987
0.00661752
0.00660523
0.00659298
0.00658079
0.00656865
0.00655655
0.00654451
0.00653252
0.00652057
0.00650868
0.00649683
0.00648503
0.00647328
0.00646158
0.00644992
0.00643831
0.00642675
0.00641523
0.00640376
0.00639234
0.00638096
0.00636962
0.00635834
0.00634709
0.0063359
0.00632474
0.00631362
0.00630255
0.00629153
0.00628055
0.0062696
0.0062587
0.00624784
0.00623703
0.00622626
0.00621552
0.00620483
0.00619418
0.00618357
0.00617299
0.00616247
0.00615197
0.00614152
0.00613111
0.00612074
0.0061104
0.0061001
0.00608984
0.00607962
0.00606944
0.00605929
0.00604918
0.00603911
0.00602908
0.00601907
0.00600911
0.00599919
0.0059893
0.00597944
0.00596962
0.00595984
0.00595009
0.00594038
0.0059307
0.00592105
0.00591145
0.00590187
0.00589233
0.00588281
0.00587334
0.0058639
0.00585449
0.00584512
0.00583578
0.00582647
0.00581718
0.00580794
0.00579873
0.00578954
0.00578039
0.00577127
0.00576218
0.00575313
0.0057441
0.00573511
0.00572614
0.00571721
0.00570831
0.00569943
0.00569059
0.00568178
0.00567299
0.00566423
0.00565551
0.00564681
0.00563814
0.00562951
0.00562089
0.00561231
0.00560376
0.00559523
0.00558673
0.00557826
0.00556982
0.0055614
0.00555302
0.00554466
0.00553632
0.00552802
0.00551974
0.00551149
0.00550326
0.00549506
0.00548689
0.00548825
0.00547052
0.00546061
0.00545252
0.00544447
0.00543644
0.00542844
0.00542047
0.00541252
0.0054046
0.0053967
0.00538884
0.00538099
0.00537318
0.00536538
0.00535761
0.00534986
0.00534214
0.00533444
0.00532677
0.00531912
0.00531149
0.00530389
0.00529631
0.00528876
0.00528123
0.00527372
0.00526623
0.00525877
0.00525133
0.00524391
0.00523652
0.00522915
0.0052218
0.00521447
0.00520716
0.00519987
0.00519261
0.00518537
0.00517814
0.00517095
0.00516377
0.00515661
0.00514948
0.00514237
0.00513527
0.0051282
0.00512115
0.00511412
0.00510711
0.00510012
0.00509315
0.0050862
0.00507927
0.00507236
0.00506547
0.0050586
0.00505175
0.00504492
0.00503811
0.00503132
0.00502454
0.0050178
0.00501106
0.00500435
0.00499765
0.00499097
0.00498431
0.00497768
0.00497106
0.00495044
0.00496371
0.00495653
0.00494979
0.00494309
0.00493643
0.0049298
0.00492319
0.00491662
0.00491007
0.00490356
0.00489706
0.0048906
0.00488416
0.00487774
0.00487134
0.00486497
0.00485862
0.00485229
0.00484598
0.00483969
0.00483342
0.00482718
0.00482095
0.00481474
0.00480855
0.00480238
0.00479623
0.00479009
0.00478397
0.00477787
0.00477179
0.00476572
0.00475968
0.00475365
0.00474763
0.00474163
0.00473565
0.00472968
0.00472373
0.0047178
0.00471188
0.00470598
0.0047001
0.00469423
0.00468837
0.00468253
0.00467671
0.0046709
0.00466511
0.00465933
0.00465357
0.00464783
0.0046421
0.00463638
0.00463068
0.00462498
0.00461931
0.00460838
0.00460917
0.00460339
0.00459771
0.00459205
0.00458641
0.00458079
0.00457518
0.0045696
0.00456403
0.00455848
0.00455294
0.00454742
0.00454192
0.00453643
0.00453096
0.0045255
0.00452006
0.00451464
0.00450922
0.00450383
0.00449845
0.00449308
0.00448773
0.00448239
0.00447706
0.00447175
0.00446645
0.00446117
0.0044559
0.00445065
0.0044454
0.00444017
0.00443496
0.00442975
0.00442456
0.00441938
0.00441422
0.00440907
0.00440393
0.00439881
0.00439369
0.00438859
0.0043835
0.00437843
0.00437336
0.00436831
0.00436327
0.00435825
0.00435324
0.00434823
0.00434325
0.00433827
0.0043333
0.00432835
0.00432341
0.00431848
0.00431356
0.00430865
0.00430375
0.00429887
0.004294
0.00428913
0.00428429
0.00427944
0.00427462
0.0042698
0.004265
0.00426021
0.00425543
0.00425065
0.00424136
0.00424244
0.00423756
0.00423277
0.00422798
0.00422322
0.00421847
0.00421374
0.00420902
0.00420431
0.00419962
0.00419494
0.00419028
0.00418562
0.00418098
0.00417636
0.00417174
0.00416714
0.00416255
0.00415797
0.00415341
0.00414885
0.00414431
0.00413978
0.00413525
0.00413074
0.00412625
0.00412176
0.00411728
0.00411282
0.00410836
0.00410391
0.00409948
0.00409505
0.00409064
0.00408624
0.00408184
0.00407746
0.00407308
0.00406872
0.00406437
0.00406002
0.00405569
0.00405137
0.00404706
0.00404275
0.00403846
0.00403417
0.0040299
0.00402563
0.00402137
0.00401712
0.00401289
0.00400866
0.00400444
0.00400023
0.00399603
0.00399185
0.00398766
0.00398349
0.00397932
0.00397517
0.00397102
0.00396688
0.00396275
0.00395864
0.00395453
0.00395042
0.00394633
0.00394225
0.00393817
0.0039341
0.00393005
0.003926
0.00392195
0.00391792
0.0039139
0.00390988
0.00390588
0.00390188
0.00389788
0.0038939
0.00388993
0.00388596
0.00388201
0.00387806
0.00387411
0.00387018
0.00386626
0.00386234
0.00385844
0.00385454
0.00385065
0.00384676
0.00384289
0.00383902
0.00383516
0.00383131
0.00382747
0.00382363
0.00381981
0.00381599
0.00381217
0.00380837
0.00380457
0.00380078
0.003797
0.00379323
0.00378946
0.0037857
0.00378196
0.00377821
0.00377448
0.00377075
0.00376703
0.00376332
0.00375961
0.00375591
0.00375222
0.00374854
0.00374487
0.0037412
0.00373754
0.00373388
0.00373023
0.00372659
0.00372297
0.00371934
0.00371572
0.00371211
0.00370851
0.00370491
0.00370132
0.00369774
0.00369417
0.0036906
0.00368704
0.00368349
0.00367994
0.0036764
0.00365591
0.00366775
0.00366433
0.00366077
0.00365723
0.00365369
0.00365017
0.00364665
0.00364314
0.00363964
0.00363615
0.00363267
0.0036292
0.00362574
0.00362228
0.00361883
0.00361539
0.00361196
0.00360853
0.00360512
0.00360171
0.00359831
0.00359491
0.00359152
0.00358814
0.00358477
0.0035814
0.00357804
0.00357469
0.00357135
0.003568
0.00356468
0.00356135
0.00355803
0.00355472
0.00355141
0.00354811
0.00354482
0.00354154
0.00353826
0.00353498
0.00353172
0.00352846
0.00352521
0.00352196
0.00351872
0.00351549
0.00351225
0.00350903
0.00350582
0.00350261
0.00349941
0.00349621
0.00349301
0.00348983
0.00348665
0.00348348
0.00348031
0.00346368
0.00347356
0.00347049
0.0034673
0.00346412
0.00346095
0.00345778
0.00345463
0.00345148
0.00344834
0.00344521
0.00344208
0.00343897
0.00343586
0.00343276
0.00342966
0.00342657
0.00342349
0.00342041
0.00341734
0.00341428
0.00341122
0.00340818
0.00340217
0.003403
0.00339986
0.00339678
0.00339372
0.00339066
0.00338761
0.00338457
0.00338154
0.00337852
0.00337551
0.0033725
0.0033695
0.00336651
0.00336353
0.00336055
0.00335758
0.00335462
0.00335166
0.00334871
0.00334289
0.00334406
0.00334102
0.00333803
0.00333505
0.00333208
0.00332913
0.00332618
0.00332324
0.00332031
0.00331738
0.00331447
0.00331156
0.00330866
0.00330577
0.00330289
0.00330001
0.00329715
0.00329429
0.00329143
0.00328858
0.00328574
0.0032829
0.00328007
0.00327725
0.00327443
0.00327162
0.00326882
0.00326602
0.00326322
0.00326043
0.00325766
0.00325488
0.00325211
0.00324934
0.00324658
0.00324383
0.00324107
0.00323833
0.00323559
0.00323286
0.00323013
0.0032274
0.00322468
0.00322197
0.00321926
0.00321656
0.00321386
0.00321116
0.00320847
0.00320578
0.0032031
0.00320043
0.00319775
0.00319509
0.00319243
0.00318977
0.00318711
0.00318447
0.00318182
0.00317918
0.00317655
0.00317392
0.00317129
0.00316867
0.00316606
0.00316344
0.00316084
0.00315823
0.00315563
0.00315304
0.00315045
0.00314786
0.00314528
0.0031427
0.00314013
0.00313756
0.003135
0.00313244
0.00312988
0.00312733
0.00312478
0.00312224
0.0031197
0.00311716
0.00311463
0.00311211
0.00310958
0.00310707
0.00310455
0.00310204
0.00309953
0.00309703
0.00309453
0.00309204
0.00308955
0.00308707
0.00308458
0.0030821
0.00307963
0.00307716
0.0030747
0.00307224
0.00306978
0.00306732
0.00306487
0.00306243
0.00305999
0.00305756
0.00305512
0.00305269
0.00305027
0.00304784
0.00304543
0.00304301
0.0030406
0.00303819
0.00303579
0.00303339
0.003031
0.00302861
0.00302622
0.00302384
0.00302146
0.00301908
0.00301671
0.00301434
0.00301197
0.00300961
0.00300725
0.00300256
0.00300309
0.00300067
0.0029983
0.00299594
0.00299359
0.00299124
0.00298889
0.00298655
0.00298421
0.00297956
0.00298062
0.0029782
0.00297583
0.00297347
0.00297112
0.00296877
0.00296643
0.0029641
0.00296177
0.00295945
0.00295714
0.00295483
0.00295252
0.00295022
0.00294793
0.00294564
0.00294335
0.00293489
0.00293985
0.00293742
0.00293516
0.00293291
0.00293067
0.00292842
0.00292619
0.00291001
0.00292338
0.00292128
0.00291904
0.0029168
0.00291456
0.00291233
0.0029101
0.00290788
0.00290566
0.00290344
0.00290123
0.00289902
0.00289682
0.00289462
0.00289242
0.00289023
0.00288804
0.00288585
0.00288367
0.00288149
0.00287932
0.00287715
0.00287499
0.00287282
0.00287066
0.00286851
0.00286636
0.00286421
0.00286206
0.00285992
0.00285778
0.00285565
0.00285351
0.00285139
0.00284926
0.00284714
0.00284502
0.00284291
0.00282799
0.00283946
0.00283744
0.00283531
0.00283318
0.00283105
0.00282894
0.00282682
0.00282471
0.0028226
0.0028205
0.0028184
0.00281631
0.00281422
0.00281213
0.00281005
0.00280797
0.0028059
0.00280383
0.00280176
0.0027997
0.00279764
0.00278323
0.00279455
0.00279258
0.00279049
0.00279134
0.00277369
0.00278581
0.00278657
0.00278088
0.00277881
0.00277678
0.00277474
0.00277271
0.00276178
0.00276791
0.00276621
0.00276418
0.00276215
0.00276012
0.00275809
0.00275607
0.00275406
0.00275205
0.00275005
0.00274805
0.00274605
0.00274405
0.00274207
0.00274008
0.0027381
0.00273613
0.00273415
0.00273218
0.00273022
0.00272826
0.0027263
0.00272434
0.00272239
0.00272044
0.0027185
0.00271656
0.00271462
0.00271269
0.00271076
0.00270883
0.00270691
0.00270499
0.00270307
0.00270188
0.00268814
0.00269861
0.00269678
0.00269485
0.00269292
0.002691
0.00268908
0.00268717
0.00268526
0.00268335
0.00268145
0.00267955
0.00267766
0.00267577
0.00267388
0.002672
0.00267012
0.00266824
0.00266636
0.0026645
0.00266263
0.00266077
0.00265891
0.00265705
0.00265519
0.00265334
0.0026515
0.00264965
0.00264781
0.00264597
0.00264413
0.0026423
0.00264047
0.00263865
0.00263682
0.00262682
0.00263264
0.00263111
0.00262928
0.00262744
0.00262561
0.00262379
0.00262197
0.00262015
0.00261833
0.00261652
0.00261472
0.00261292
0.00261112
0.00260932
0.00260753
0.00260574
0.00260395
0.00260217
0.00260039
0.00259861
0.00259684
0.00259507
0.0025933
0.00259154
0.00258978
0.00258802
0.00258626
0.00258451
0.00258276
0.00258101
0.00257927
0.00257753
0.00257579
0.00257405
0.00257232
0.00257059
0.00256886
0.00256713
0.00256541
0.00256369
0.00256197
0.00256025
0.00255854
0.00255683
0.00255512
0.00255342
0.00255171
0.00255001
0.00254831
0.00254662
0.00254492
0.00254323
0.00254154
0.00253986
0.00253817
0.00253649
0.00253481
0.00253313
0.00253146
0.00252979
0.00252812
0.00252645
0.00252478
0.00252312
0.00252146
0.0025198
0.00251814
0.00251649
0.00251483
0.00251318
0.00251153
0.00249974
0.00250871
0.00250714
0.00250548
0.00250383
0.00250217
0.00250053
0.0024995
0.00250068
0.00249611
0.00249446
0.00249284
0.00249121
0.00248959
0.00248797
0.00248636
0.00248475
0.00248313
0.00248153
0.00247992
0.00247831
0.00247671
0.00247511
0.00247351
0.00247191
0.00247032
0.00246873
0.00246714
0.00246824
0.00246354
0.00246185
0.00246026
0.00245868
0.00245711
0.00245553
0.00245396
0.00245239
0.00245082
0.00244925
0.00244769
0.00244612
0.00244456
0.002443
0.00244145
0.00243989
0.00243834
0.00243679
0.00243524
0.00243369
0.00243215
0.00243061
0.00242907
0.00242753
0.00242599
0.00242446
0.00242293
0.0024142
0.00241882
0.00241753
0.002416
0.00241447
0.00241294
0.00241142
0.00240989
0.00239907
0.00240734
0.00240588
0.00240435
0.00240282
0.00240128
0.00239976
0.00239823
0.00239671
0.00239519
0.00239368
0.00239217
0.00239066
0.00238915
0.00238765
0.00238614
0.00238464
0.00238315
0.00238165
0.00238016
0.00237867
0.00237718
0.0023757
0.00237422
0.00237274
0.00237126
0.00236978
0.00236831
0.00236684
0.00235857
0.00236361
0.00236237
0.00236089
0.0023594
0.00235792
0.00235644
0.00235497
0.0023535
0.00235203
0.00235057
0.00234911
0.00234765
0.00234619
0.00234474
0.00234328
0.00234184
0.00234039
0.00233894
0.0023375
0.00233606
0.00233463
0.00233319
0.00233176
0.00233033
0.00232891
0.00232748
0.00232606
0.00232464
0.00232322
0.0023218
0.00232039
0.00231897
0.00231756
0.00231616
0.00231475
0.00231334
0.00231194
0.00231054
0.00230914
0.00230775
0.00230635
0.00230496
0.00230357
0.00230218
0.00230079
0.00229941
0.00229802
0.00229895
0.00229486
0.00229339
0.00229202
0.00229065
0.00228833
0.00228852
0.00228717
0.0022858
0.00228444
0.00228308
0.00227321
0.00228065
0.00227936
0.00227167
0.00227644
0.00227528
0.00227389
0.00227251
0.00227112
0.00226974
0.00226837
0.002267
0.00226563
0.00226426
0.0022629
0.00226153
0.00226017
0.00225882
0.00225746
0.00225611
0.00225476
0.00225342
0.00225207
0.00225073
0.0022494
0.00224782
0.00224892
0.00224528
0.00224394
0.00224263
0.00224131
0.00224
0.00223869
0.00222905
0.00223629
0.00223506
0.00223374
0.00223243
0.00223112
0.00222982
0.00222851
0.00222721
0.00222591
0.0022204
0.00222248
0.00222131
0.00222001
0.00221871
0.00221741
0.00221661
0.00221747
0.00221383
0.00221253
0.00221125
0.00220997
0.00220873
0.00220717
0.00220583
0.00220456
0.00220329
0.00220202
0.00220075
0.00219949
0.00219823
0.00219747
0.0021989
0.00219532
0.00219453
0.00219833
0.00219199
0.00219326
0.00219211
0.00219078
0.00218092
0.00218795
0.00218975
0.00217979
0.0021788
0.0021823
0.0021817
0.00218337
0.00218391
0.00218043
0.00217907
0.00217773
0.0021764
0.00217508
0.00217376
0.00217243
0.00217112
0.0021698
0.00216829
0.00216694
0.00216565
0.00216436
0.00216359
0.00215393
0.00216036
0.00215918
0.00215794
0.0021567
0.00215596
0.0021525
0.00215438
0.00215328
0.00215327
0.00215082
0.00214701
0.0021487
0.00214762
0.00214195
0.00213771
0.00214204
0.00214102
0.00213981
0.00213859
0.00213144
0.00213567
0.00213464
0.00213442
0.00213151
0.0021317
0.00212163
0.00212772
0.00212658
0.00212538
0.00212417
0.00212298
0.00212178
0.00212058
0.00212125
0.00211863
0.00211737
0.00211618
0.002115
0.00211381
0.00211262
0.00211144
0.00211026
0.00210908
0.0021079
0.00210673
0.00210555
0.00210438
0.00210321
0.00210204
0.00210087
0.00209289
0.00209345
0.00209771
0.00209663
0.00209521
0.00209399
0.00209284
0.00209169
0.00209054
0.00208939
0.00208824
0.00208709
0.00208595
0.0020848
0.00208366
0.00208252
0.00208138
0.00208024
0.00207897
0.00208047
0.00207661
0.0020767
0.00207558
0.00207445
0.00207332
0.00207219
0.00207106
0.00206993
0.00206881
0.00206768
0.00206656
0.00206544
0.00206432
0.00206319
0.00206208
0.00206096
0.00205985
0.00205873
0.00205762
0.00205651
0.0020554
0.00205429
0.00205318
0.00205208
0.00205097
0.00204987
0.00204877
0.00204767
0.00204657
0.00204547
0.00204437
0.00204327
0.00204218
0.00204108
0.00203999
0.0020389
0.00203781
0.00203672
0.00203563
0.00203454
0.00203346
0.00203237
0.00203129
0.00203021
0.00202913
0.00202805
0.00202697
0.00202589
0.00202482
0.00202374
0.00202267
0.00202159
0.00202052
0.00201945
0.00201838
0.00201731
0.00201625
0.00201518
0.00200715
0.00201314
0.00201213
0.00201107
0.00201
0.00200894
0.00200788
0.00200682
0.00200576
0.0020047
0.00200364
0.00200259
0.00200154
0.00200048
0.00199943
0.00199157
0.00200101
0.00199713
0.00199677
0.00198772
0.00198512
