0.113251
0.149148
0.120102
0.0933912
0.0880672
0.0877293
0.0863638
0.0848502
0.0834791
0.082263
0.0811769
0.0801947
0.0792956
0.078463
0.0776847
0.0769511
0.0762549
0.0755905
0.0749532
0.0743396
0.0737468
0.0731724
0.0726146
0.0720718
0.0715426
0.071026
0.070521
0.0700268
0.0695425
0.0690678
0.068602
0.0681445
0.067695
0.0672531
0.0668184
0.0663907
0.0659696
0.0655548
0.0651462
0.0647435
0.0643464
0.0639549
0.0635686
0.0631875
0.0628114
0.0624401
0.0620736
0.0617116
0.0613541
0.0610009
0.060652
0.0603072
0.0599664
0.0596295
0.0592966
0.0589673
0.0586417
0.0583198
0.0580014
0.0576864
0.0573749
0.0570666
0.0567617
0.0564599
0.0561612
0.0558656
0.0555731
0.0552836
0.0549969
0.0547131
0.0544322
0.0541541
0.0538786
0.0536059
0.0533358
0.0530683
0.0528034
0.052541
0.0522811
0.0520237
0.0517686
0.051516
0.0512657
0.0510176
0.050772
0.0505285
0.0502872
0.0500482
0.0498113
0.0495765
0.0493438
0.0491132
0.0488846
0.0486581
0.0484335
0.0482109
0.0479902
0.0477715
0.0475546
0.0473396
0.0471265
0.0469152
0.0467056
0.0464979
0.0462919
0.0460876
0.045885
0.0456841
0.0454849
0.0452873
0.0450913
0.044897
0.0447042
0.044513
0.0443233
0.0441353
0.0439486
0.0437635
0.0435798
0.0433976
0.0432169
0.0430375
0.0428596
0.042683
0.0425078
0.042334
0.0421615
0.0419903
0.0418204
0.0416518
0.0414845
0.0413184
0.0411536
0.04099
0.0408276
0.0406664
0.0405064
0.0403476
0.0401899
0.0400334
0.0398779
0.0397236
0.0395704
0.0394183
0.0392673
0.0391173
0.0389683
0.0388204
0.0386736
0.0385277
0.0383829
0.038239
0.0380961
0.0379542
0.0378132
0.0376732
0.0375341
0.0373959
0.0372586
0.0371223
0.0369868
0.0368522
0.0367185
0.0365856
0.0364537
0.0363225
0.0361922
0.0360627
0.0359339
0.0358061
0.035679
0.0355527
0.0354272
0.0353024
0.0351785
0.0350552
0.0349327
0.034811
0.03469
0.0345697
0.0344502
0.0343313
0.0342132
0.0340957
0.0339789
0.0338629
0.0337475
0.0336327
0.0335186
0.0334052
0.0332925
0.0331803
0.0330688
0.0329579
0.0328477
0.0327381
0.0326291
0.0325207
0.0324129
0.0323057
0.0321991
0.0320931
0.0319877
0.0318828
0.0317785
0.0316748
0.0315716
0.031469
0.0313669
0.0312654
0.0311644
0.031064
0.0309641
0.0308647
0.0307659
0.0306675
0.0305697
0.0304724
0.0303756
0.0302793
0.0301835
0.0300882
0.0299934
0.0298991
0.0298052
0.0297119
0.029619
0.0295266
0.0294347
0.0293432
0.0292522
0.0291616
0.0290715
0.0289819
0.0288927
0.0288039
0.0287156
0.0286277
0.0285403
0.0284533
0.0283667
0.0282806
0.0281948
0.0281096
0.0280247
0.0279402
0.0278561
0.0277725
0.0276893
0.0276064
0.027524
0.0274419
0.0273603
0.027279
0.0271982
0.0271177
0.0270376
0.0269579
0.0268786
0.0267996
0.0267211
0.0266429
0.0265651
0.0264876
0.0264105
0.0263338
0.0262574
0.0261814
0.0261058
0.0260305
0.0259556
0.025881
0.0258067
0.0257328
0.0256593
0.0255861
0.0255132
0.0254407
0.0253685
0.0252967
0.0252252
0.025154
0.0250831
0.0250126
0.0249423
0.0248724
0.0248029
0.0247336
0.0246647
0.0245961
0.0245278
0.0244598
0.0243921
0.0243248
0.0242577
0.0241909
0.0241245
0.0240583
0.0239924
0.0239269
0.0238616
0.0237966
0.023732
0.0236676
0.0236035
0.0235397
0.0234762
0.0234129
0.02335
0.0232873
0.0232249
0.0231628
0.023101
0.0230394
0.0229781
0.0229171
0.0228564
0.0227959
0.0227357
0.0226757
0.0226161
0.0225566
0.0224975
0.0224386
0.02238
0.0223216
0.0222635
0.0222057
0.022148
0.0220907
0.0220336
0.0219767
0.0219202
0.0218638
0.0218077
0.0217519
0.0216962
0.0216409
0.0215857
0.0215308
0.0214762
0.0214218
0.0213676
0.0213136
0.0212599
0.0212064
0.0211532
0.0211002
0.0210474
0.0209948
0.0209425
0.0208904
0.0208385
0.0207868
0.0207354
0.0206841
0.0206331
0.0205824
0.0205318
0.0204815
0.0204313
0.0203814
0.0203317
0.0202821
0.0202329
0.0201838
0.0201349
0.0200862
0.0200378
0.0199896
0.0199415
0.0198937
0.019846
0.0197986
0.0197513
0.0197043
0.0196574
0.0196108
0.0195643
0.019518
0.019472
0.0194261
0.0193804
0.0193349
0.0192896
0.0192445
0.0191996
0.0191548
0.0191103
0.0190659
0.0190217
0.0189777
0.0189339
0.0188903
0.0188468
0.0188036
0.0187605
0.0187175
0.0186748
0.0186322
0.0185899
0.0185477
0.0185056
0.0184637
0.018422
0.0183805
0.0183391
0.0182979
0.0182569
0.018216
0.0181753
0.0181348
0.0180945
0.0180543
0.0180142
0.0179744
0.0179346
0.0178951
0.0178557
0.0178165
0.0177774
0.0177385
0.0176998
0.0176611
0.0176227
0.0175844
0.0175463
0.0175083
0.0174704
0.0174328
0.0173952
0.0173579
0.0173206
0.0172835
0.0172466
0.0172098
0.0171732
0.0171367
0.0171003
0.0170641
0.0170281
0.0169921
0.0169563
0.0169207
0.0168852
0.0168498
0.0168146
0.0167795
0.0167446
0.0167098
0.0166751
0.0166406
0.0166062
0.0165719
0.0165378
0.0165038
0.0164699
0.0164362
0.0164026
0.0163691
0.0163357
0.0163025
0.0162694
0.0162365
0.0162037
0.016171
0.0161384
0.0161059
0.0160736
0.0160414
0.0160093
0.0159774
0.0159455
0.0159138
0.0158822
0.0158507
0.0158194
0.0157882
0.0157571
0.0157261
0.0156952
0.0156644
0.0156338
0.0156032
0.0155728
0.0155425
0.0155124
0.0154823
0.0154523
0.0154225
0.0153927
0.0153632
0.0153336
0.0153042
0.0152749
0.0152458
0.0152167
0.0151877
0.0151589
0.0151301
0.0151015
0.015073
0.0150445
0.0150162
0.014988
0.0149599
0.0149319
0.014904
0.0148762
0.0148485
0.0148209
0.0147934
0.014766
0.0147387
0.0147115
0.0146844
0.0146574
0.0146305
0.0146037
0.014577
0.0145504
0.0145239
0.0144975
0.0144712
0.0144449
0.0144188
0.0143928
0.0143668
0.014341
0.0143152
0.0142896
0.014264
0.0142385
0.0142131
0.0141879
0.0141627
0.0141375
0.0141125
0.0140876
0.0140627
0.014038
0.0140133
0.0139887
0.0139642
0.0139398
0.0139154
0.0138912
0.0138671
0.013843
0.013819
0.0137951
0.0137713
0.0137476
0.0137239
0.0137004
0.0136769
0.0136535
0.0136301
0.0136069
0.0135837
0.0135607
0.0135377
0.0135148
0.0134919
0.0134692
0.0134465
0.0134239
0.0134013
0.0133789
0.0133565
0.0133342
0.013312
0.0132898
0.0132678
0.0132458
0.0132239
0.013202
0.0131802
0.0131585
0.0131369
0.0131154
0.0130939
0.0130725
0.0130512
0.0130299
0.0130087
0.0129876
0.0129665
0.0129456
0.0129247
0.0129038
0.012883
0.0128623
0.0128417
0.0128212
0.0128007
0.0127802
0.0127599
0.0127396
0.0127194
0.0126992
0.0126791
0.0126591
0.0126391
0.0126193
0.0125994
0.0125797
0.01256
0.0125403
0.0125207
0.0125012
0.0124818
0.0124624
0.0124431
0.0124239
0.0124047
0.0123855
0.0123665
0.0123475
0.0123285
0.0123096
0.0122908
0.012272
0.0122533
0.0122347
0.0122161
0.0121976
0.0121791
0.0121607
0.0121424
0.0121241
0.0121058
0.0120877
0.0120695
0.0120515
0.0120335
0.0120155
0.0119976
0.0119798
0.011962
0.0119443
0.0119266
0.011909
0.0118914
0.0118739
0.0118565
0.0118391
0.0118217
0.0118044
0.0117872
0.01177
0.0117529
0.0117358
0.0117188
0.0117018
0.0116849
0.011668
0.0116512
0.0116345
0.0116177
0.0116011
0.0115845
0.0115679
0.0115514
0.0115349
0.0115185
0.0115021
0.0114858
0.0114696
0.0114533
0.0114372
0.011421
0.011405
0.0113889
0.011373
0.011357
0.0113411
0.0113253
0.0113095
0.0112938
0.0112781
0.0112625
0.0112469
0.0112313
0.0112158
0.0112003
0.0111849
0.0111695
0.0111542
0.0111389
0.0111237
0.0111085
0.0110934
0.0110783
0.0110632
0.0110482
0.0110332
0.0110182
0.0110033
0.0109885
0.0109737
0.0109589
0.0109442
0.0109295
0.0109149
0.0109003
0.0108858
0.0108713
0.0108568
0.0108424
0.010828
0.0108136
0.0107993
0.010785
0.0107708
0.0107566
0.0107425
0.0107284
0.0107143
0.0107003
0.0106863
0.0106723
0.0106584
0.0106445
0.0106307
0.0106169
0.0106032
0.0105895
0.0105758
0.0105621
0.0105485
0.010535
0.0105214
0.0105079
0.0104945
0.010481
0.0104677
0.0104543
0.010441
0.0104277
0.0104145
0.0104013
0.0103881
0.010375
0.0103619
0.0103488
0.0103358
0.0103228
0.0103099
0.0102969
0.0102841
0.0102712
0.0102584
0.0102456
0.0102328
0.0102201
0.0102075
0.0101948
0.0101822
0.0101696
0.0101571
0.0101445
0.0101321
0.0101196
0.0101072
0.0100948
0.0100825
0.0100701
0.0100579
0.0100456
0.0100334
0.0100212
0.010009
0.00999688
0.00998478
0.00997271
0.00996067
0.00994867
0.00993669
0.00992475
0.00991283
0.00990094
0.00988908
0.00987728
0.00986546
0.0098537
0.00984195
0.00983026
0.00981859
0.00980693
0.00979533
0.00978374
0.00977218
0.00976066
0.00974916
0.00973769
0.00972623
0.00971483
0.00970345
0.00969211
0.00968079
0.00966948
0.00965821
0.00964696
0.00963576
0.00962455
0.00961341
0.00960226
0.00959116
0.00958009
0.00956903
0.009558
0.00954701
0.00953605
0.0095251
0.00951418
0.00950328
0.00949242
0.00948159
0.00947074
0.00945998
0.00944922
0.00943849
0.00942777
0.0094171
0.00940644
0.00939579
0.00938519
0.00937463
0.00936406
0.00935354
0.00934303
0.00933255
0.00932209
0.00931167
0.00930126
0.00929089
0.00928055
0.00927021
0.0092599
0.00924961
0.00923935
0.00922912
0.00921892
0.00920873
0.00919857
0.00918843
0.00917831
0.00916821
0.00915813
0.00914809
0.00913807
0.00912808
0.0091181
0.00910816
0.00909822
0.0090883
0.00907842
0.00906856
0.00905871
0.0090489
0.00903909
0.00902931
0.00901956
0.00900983
0.00900012
0.00899043
0.00898077
0.00897112
0.00896149
0.0089519
0.00894233
0.00893278
0.00892325
0.00891374
0.00890423
0.00889478
0.00888532
0.00887589
0.0088665
0.0088571
0.00884774
0.00883839
0.00882906
0.00881977
0.00881048
0.00880123
0.00879199
0.00878276
0.00877356
0.00876439
0.00875521
0.00874608
0.00873695
0.00872785
0.00871876
0.00870971
0.00870065
0.00869163
0.00868263
0.00867364
0.00866468
0.00865574
0.00864681
0.0086379
0.00862902
0.00862015
0.0086113
0.00860248
0.00859366
0.00858487
0.0085761
0.00856735
0.00855863
0.00854989
0.0085412
0.00853251
0.00852386
0.00851521
0.00850659
0.00849798
0.00848938
0.00848082
0.00847227
0.00846375
0.00845523
0.00844672
0.00843823
0.00842978
0.00842132
0.0084129
0.0084045
0.00839609
0.00838772
0.00837936
0.00837101
0.00836269
0.00835439
0.0083461
0.00833782
0.00832956
0.00832133
0.00831309
0.00830489
0.00829669
0.00828853
0.00828037
0.00827224
0.0082641
0.008256
0.0082479
0.00823983
0.00823178
0.00822375
0.00821571
0.0082077
0.00819971
0.00819173
0.00818377
0.00817583
0.0081679
0.00815998
0.00815209
0.0081442
0.00813636
0.00812849
0.00812066
0.00811285
0.00810504
0.00809727
0.00808949
0.00808174
0.00807401
0.00806628
0.00805857
0.00805086
0.00804317
0.00803552
0.00802786
0.00802023
0.00801258
0.00800499
0.00799738
0.00798981
0.00798225
0.0079747
0.00796717
0.00795964
0.00795214
0.00794465
0.00793717
0.00792971
0.00792226
0.00791482
0.0079074
0.0079
0.00789262
0.00788525
0.00787789
0.00787055
0.00786322
0.00785589
0.0078486
0.0078413
0.00783403
0.00782676
0.0078195
0.00781228
0.00780506
0.00779784
0.00779063
0.00778344
0.00777628
0.00776915
0.00776199
0.00775486
0.00774774
0.00774064
0.00773355
0.00772648
0.00771941
0.00771237
0.00770533
0.00769831
0.00769129
0.00768429
0.00767731
0.00767033
0.00766338
0.00765644
0.00764952
0.0076426
0.0076357
0.0076288
0.00762192
0.00761504
0.0076082
0.00760134
0.00759452
0.00758769
0.00758087
0.00757408
0.00756729
0.00756051
0.00755375
0.007547
0.00754027
0.00753355
0.00752682
0.00752013
0.00751342
0.00750676
0.00750009
0.00749345
0.0074868
0.00748016
0.00747355
0.00746693
0.00746036
0.00745378
0.0074472
0.00744065
0.00743408
0.00742755
0.00742104
0.00741452
0.00740803
0.00740152
0.00739506
0.0073886
0.00738215
0.0073757
0.00736927
0.00736285
0.00735645
0.00735005
0.00734366
0.0073373
0.00733095
0.00732459
0.00731823
0.00731191
0.00730559
0.00729928
0.00729297
0.0072867
0.0072804
0.00727414
0.00726788
0.00726164
0.00725541
0.00724919
0.00724296
0.00723678
0.00723059
0.00722441
0.00721824
0.00721207
0.00720593
0.00719979
0.00719367
0.00718755
0.00718145
0.00717534
0.00716926
0.00716317
0.00715712
0.00715106
0.00714501
0.00713897
0.00713296
0.00712693
0.00712093
0.00711494
0.00710895
0.00710298
0.007097
0.00709104
0.00708509
0.00707917
0.00707323
0.00706732
0.0070614
0.00705551
0.00704962
0.00704375
0.00703787
0.00703201
0.00702617
0.00702032
0.0070145
0.00700867
0.00700287
0.00699706
0.00699128
0.00698549
0.00697972
0.00697395
0.00696819
0.00696244
0.00695672
0.00695099
0.00694527
0.00693955
0.00693386
0.00692817
0.00692248
0.00691682
0.00691116
0.0069055
0.00689986
0.00689423
0.00688862
0.00688298
0.00687739
0.00687178
0.00686621
0.00686061
0.00685504
0.00684948
0.00684392
0.00683838
0.00683285
0.00682734
0.00682182
0.0068163
0.0068108
0.00680532
0.00679983
0.00679436
0.00678888
0.00678342
0.00677798
0.00677255
0.00676712
0.00676168
0.00675627
0.00675086
0.00674546
0.00674008
0.0067347
0.00672931
0.00672397
0.00671862
0.00671326
0.00670792
0.0067026
0.00669728
0.00669197
0.00668666
0.00668136
0.00667606
0.00667079
0.00666551
0.00666025
0.006655
0.00664974
0.00664452
0.00663927
0.00663405
0.00662882
0.00662362
0.00661841
0.00661322
0.00660803
0.00660284
0.00659769
0.00659252
0.00658736
0.0065822
0.00657708
0.00657195
0.00656681
0.00656169
0.00655659
0.0065515
0.00654641
0.00654131
0.00653623
0.00653117
0.00652609
0.00652103
0.006516
0.00651096
0.00650592
0.00650091
0.00649588
0.00649088
0.00648588
0.00648089
0.00647591
0.00647092
0.00646594
0.00646098
0.00645603
0.00645108
0.00644613
0.00644121
0.00643627
0.00643132
0.00642643
0.00642152
0.00641663
0.00641173
0.00640685
0.00640197
0.00639709
0.00639222
0.00638738
0.00638253
0.00637768
0.00637285
0.00636801
0.0063632
0.00635838
0.00635357
0.00634876
0.00634397
0.00633919
0.00633441
0.00632964
0.00632487
0.00632013
0.00631538
0.00631062
0.00630587
0.00630116
0.00629643
0.0062917
0.00628698
0.00628228
0.00627757
0.00627289
0.00626821
0.00626353
0.00625886
0.00625419
0.00624954
0.00624488
0.00624024
0.0062356
0.00623097
0.00622633
0.00622172
0.00621712
0.0062125
0.00620791
0.00620331
0.00619874
0.00619415
0.00618957
0.00618502
0.00618046
0.00617589
0.00617135
0.00616681
0.00616227
0.00615775
0.00615322
0.00614871
0.0061442
0.00613969
0.00613518
0.00613069
0.00612622
0.00612173
0.00611727
0.0061128
0.00610834
0.00610389
0.00609943
0.00609499
0.00609058
0.00608614
0.00608171
0.00607729
0.00607289
0.00606849
0.00606409
0.0060597
0.00605532
0.00605094
0.00604656
0.00604221
0.00603784
0.00603349
0.00602915
0.00602481
0.00602047
0.00601613
0.00601182
0.00600749
0.00600317
0.00599888
0.00599457
0.00599028
0.00598599
0.00598171
0.00597742
0.00597317
0.0059689
0.00596463
0.00596037
0.00595612
0.00595188
0.00594764
0.00594342
0.00593918
0.00593496
0.00593075
0.00592654
0.00592235
0.00591815
0.00591395
0.00590977
0.00590559
0.0059014
0.00589723
0.00589307
0.0058889
0.00588476
0.00588061
0.00587645
0.00587231
0.00586818
0.00586405
0.00585992
0.00585581
0.00585169
0.00584759
0.0058435
0.00583939
0.00583531
0.00583122
0.00582713
0.00582306
0.005819
0.00581493
0.00581087
0.00580682
0.00580277
0.00579873
0.00579469
0.00579067
0.00578664
0.00578262
0.0057786
0.00577459
0.00577058
0.0057666
0.00576261
0.00575861
0.00575462
0.00575065
0.00574668
0.00574271
0.00573874
0.00573479
0.00573083
0.00572689
0.00572294
0.00571901
0.00571508
0.00571115
0.00570723
0.0057033
0.00569939
0.00569549
0.00569159
0.00568768
0.0056838
0.00567991
0.00567602
0.00567215
0.00566827
0.0056644
0.00566055
0.00565668
0.00565283
0.00564898
0.00564515
0.00564132
0.00563748
0.00563364
0.00562983
0.00562601
0.0056222
0.00561839
0.00561459
0.00561078
0.00560699
0.0056032
0.00559943
0.00559564
0.00559189
0.00558811
0.00558434
0.00558058
0.00557682
0.00557306
0.00556933
0.00556558
0.00556185
0.00555811
0.00555439
0.00555067
0.00554695
0.00554325
0.00553953
0.00553582
0.00553212
0.00552843
0.00552473
0.00552106
0.00551737
0.0055137
0.00551001
0.00550636
0.0055027
0.00549904
0.00549538
0.00549173
0.0054881
0.00548446
0.00548083
0.00547719
0.00547356
0.00546994
0.00546632
0.00546271
0.00545912
0.00545551
0.00545191
0.00544832
0.00544472
0.00544113
0.00543757
0.00543398
0.00543041
0.00542684
0.00542328
0.00541971
0.00541615
0.0054126
0.00540906
0.00540551
0.00540197
0.00539844
0.00539491
0.00539138
0.00538786
0.00538435
0.00538083
0.00537732
0.0053738
0.00537031
0.00536681
0.00536333
0.00535983
0.00535635
0.00535287
0.00534939
0.00534592
0.00534245
0.00533899
0.00533552
0.00533207
0.00532862
0.00532518
0.00532172
0.00531828
0.00531485
0.0053114
0.00530799
0.00530456
0.00530114
0.00529773
0.00529432
0.0052909
0.0052875
0.0052841
0.0052807
0.00527732
0.00527394
0.00527055
0.00526717
0.00526379
0.00526043
0.00525706
0.00525369
0.00525035
0.005247
0.00524364
0.0052403
0.00523696
0.00523361
0.00523028
0.00522696
0.00522363
0.0052203
0.00521699
0.00521366
0.00521035
0.00520705
0.00520376
0.00520046
0.00519717
0.00519389
0.00519059
0.00518731
0.00518404
0.00518075
0.00517748
0.00517422
0.00517095
0.00516769
0.00516443
0.00516119
0.00515793
0.00515469
0.00515145
0.00514823
0.00514498
0.00514175
0.00513852
0.00513531
0.00513207
0.00512885
0.00512565
0.00512244
0.00511924
0.00511603
0.00511282
0.00510963
0.00510644
0.00510326
0.00510008
0.00509689
0.00509371
0.00509054
0.00508737
0.0050842
0.00508104
0.00507789
0.00507473
0.00507157
0.00506842
0.00506528
0.00506214
0.005059
0.00505587
0.00505273
0.00504959
0.00504648
0.00504337
0.00504025
0.00503715
0.00503403
0.00503092
0.00502782
0.00502473
0.00502163
0.00501855
0.00501547
0.00501238
0.00500931
0.00500623
0.00500316
0.00500008
0.00499702
0.00499396
0.00499091
0.00498785
0.0049848
0.00498174
0.0049787
0.00497567
0.00497263
0.0049696
0.00496657
0.00496353
0.00496052
0.00495749
0.00495447
0.00495146
0.00494844
0.00494543
0.00494244
0.00493943
0.00493644
0.00493344
0.00493045
0.00492746
0.00492446
0.00492148
0.0049185
0.00491554
0.00491255
0.00490958
0.00490663
0.00490366
0.00490071
0.00489775
0.00489479
0.00489185
0.0048889
0.00488597
0.00488302
0.00488008
0.00487715
0.00487421
0.0048713
0.00486838
0.00486545
0.00486254
0.00485962
0.00485671
0.00485381
0.00485091
0.004848
0.00484511
0.00484222
0.00483934
0.00483644
0.00483355
0.00483067
0.00482779
0.00482492
0.00482205
0.00481917
0.0048163
0.00481345
0.00481058
0.00480773
0.00480488
0.00480203
0.00479919
0.00479634
0.0047935
0.00479068
0.00478783
0.00478499
0.00478216
0.00477935
0.00477653
0.0047737
0.00477088
0.00476807
0.00476526
0.00476245
0.00475965
0.00475684
0.00475404
0.00475124
0.00474845
0.00474566
0.00474287
0.00474008
0.0047373
0.00473453
0.00473175
0.00472898
0.0047262
0.00472344
0.00472067
0.00471791
0.00471515
0.00471239
0.00470964
0.00470689
0.00470414
0.0047014
0.00469866
0.00469593
0.00469318
0.00469045
0.00468773
0.004685
0.00468227
0.00467955
0.00467683
0.00467412
0.00467141
0.0046687
0.00466599
0.00466328
0.00466058
0.00465789
0.00465519
0.00465252
0.00464983
0.00464714
0.00464444
0.00464177
0.0046391
0.00463642
0.00463375
0.00463108
0.00462841
0.00462574
0.00462308
0.00462044
0.00461778
0.00461512
0.00461248
0.00460983
0.00460718
0.00460455
0.0046019
0.00459927
0.00459662
0.004594
0.00459138
0.00458875
0.00458612
0.0045835
0.00458089
0.00457827
0.00457565
0.00457305
0.00457044
0.00456783
0.00456523
0.00456263
0.00456004
0.00455743
0.00455484
0.00455226
0.00454968
0.0045471
0.00454451
0.00454192
0.00453936
0.00453678
0.00453421
0.00453164
0.00452908
0.00452651
0.00452397
0.0045214
0.00451885
0.00451629
0.00451376
0.00451121
0.00450865
0.00450611
0.00450358
0.00450103
0.0044985
0.00449597
0.00449345
0.00449092
0.00448839
0.00448587
0.00448334
0.00448083
0.00447831
0.00447581
0.0044733
0.00447081
0.00446829
0.0044658
0.00446331
0.00446079
0.00445833
0.00445582
0.00445335
0.00445085
0.00444836
0.00444589
0.0044434
0.00444093
0.00443845
0.00443598
0.00443352
0.00443105
0.00442858
0.00442612
0.00442365
0.0044212
0.00441874
0.0044163
0.00441384
0.0044114
0.00440896
0.00440651
0.00440407
0.00440164
0.00439921
0.00439677
0.00439435
0.00439192
0.0043895
0.00438708
0.00438465
0.00438224
0.00437983
0.00437741
0.004375
0.0043726
0.00437021
0.0043678
0.00436541
0.00436299
0.00436062
0.00435822
0.00435582
0.00435344
0.00435107
0.00434869
0.0043463
0.00434393
0.00434155
0.00433917
0.00433681
0.00433444
0.00433207
0.00432971
0.00432734
0.00432498
0.00432262
0.00432027
0.00431792
0.00431557
0.00431321
0.00431086
0.00430853
0.00430619
0.00430384
0.00430151
0.00429917
0.00429684
0.00429452
0.00429219
0.00428985
0.00428754
0.00428521
0.00428289
0.00428058
0.00427825
0.00427594
0.00427363
0.00427132
0.00426902
0.00426671
0.00426441
0.00426212
0.00425982
0.00425752
0.00425523
0.00425295
0.00425066
0.00424837
0.00424608
0.00424381
0.00424153
0.00423924
0.00423698
0.0042347
0.00423243
0.00423016
0.0042279
0.00422563
0.00422336
0.0042211
0.00421885
0.0042166
0.00421434
0.0042121
0.00420985
0.0042076
0.00420536
0.00420312
0.00420089
0.00419864
0.00419641
0.00419418
0.00419196
0.00418973
0.0041875
0.00418528
0.00418306
0.00418083
0.00417861
0.00417639
0.00417418
0.00417198
0.00416977
0.00416755
0.00416535
0.00416314
0.00416094
0.00415876
0.00415656
0.00415437
0.00415217
0.00414999
0.00414779
0.0041456
0.00414342
0.00414124
0.00413906
0.00413688
0.00413471
0.00413254
0.00413036
0.0041282
0.00412604
0.00412387
0.00412171
0.00411955
0.0041174
0.00411525
0.00411309
0.00411094
0.00410878
0.00410664
0.0041045
0.00410235
0.0041002
0.00409807
0.00409592
0.00409379
0.00409165
0.00408951
0.00408739
0.00408526
0.00408313
0.00408101
0.00407888
0.00407677
0.00407465
0.00407253
0.00407042
0.00406831
0.0040662
0.00406408
0.00406199
0.00405989
0.00405777
0.00405568
0.00405359
0.00405149
0.00404939
0.0040473
0.00404521
0.00404312
0.00404103
0.00403895
0.00403686
0.00403479
0.00403271
0.00403063
0.00402857
0.00402649
0.0040244
0.00402235
0.00402028
0.00401821
0.00401615
0.00401408
0.00401203
0.00400996
0.00400791
0.00400585
0.00400381
0.00400175
0.0039997
0.00399766
0.00399561
0.00399357
0.00399151
0.00398949
0.00398745
0.0039854
0.00398338
0.00398133
0.00397932
0.00397728
0.00397525
0.00397323
0.00397121
0.00396919
0.00396716
0.00396515
0.00396313
0.00396112
0.00395911
0.00395709
0.00395508
0.00395308
0.00395108
0.00394908
0.00394708
0.00394508
0.00394307
0.00394109
0.0039391
0.00393711
0.00393511
0.00393313
0.00393116
0.00392916
0.00392719
0.0039252
0.00392322
0.00392125
0.00391927
0.0039173
0.00391533
0.00391336
0.00391139
0.00390943
0.00390747
0.00390551
0.00390354
0.00390159
0.00389964
0.00389768
0.00389573
0.00389378
0.00389182
0.00388987
0.00388795
0.00388599
0.00388405
0.0038821
0.00388016
0.00387823
0.00387629
0.00387437
0.00387243
0.0038705
0.00386857
0.00386665
0.00386472
0.0038628
0.00386088
0.00385896
0.00385704
0.00385512
0.00385321
0.00385129
0.0038494
0.00384748
0.00384557
0.00384367
0.00384177
0.00383987
0.00383797
0.00383606
0.00383417
0.00383228
0.00383038
0.00382849
0.0038266
0.00382471
0.00382283
0.00382095
0.00381906
0.00381718
0.00381529
0.00381343
0.00381154
0.00380967
0.00380779
0.00380593
0.00380405
0.00380219
0.00380033
0.00379845
0.00379659
0.00379473
0.00379287
0.00379101
0.00378915
0.00378731
0.00378544
0.0037836
0.00378174
0.00377989
0.00377804
0.0037762
0.00377435
0.00377251
0.00377067
0.00376882
0.00376699
0.00376516
0.00376331
0.00376149
0.00375966
0.00375783
0.00375599
0.00375417
0.00375235
0.00375052
0.00374871
0.00374689
0.00374507
0.00374325
0.00374145
0.00373963
0.00373781
0.003736
0.0037342
0.00373238
0.00373059
0.00372879
0.00372698
0.00372519
0.00372338
0.00372159
0.00371979
0.003718
0.00371621
0.00371443
0.00371263
0.00371085
0.00370907
0.00370728
0.0037055
0.00370372
0.00370194
0.00370017
0.00369839
0.00369661
0.00369483
0.00369306
0.0036913
0.00368952
0.00368777
0.003686
0.00368423
0.00368247
0.00368071
0.00367895
0.00367721
0.00367544
0.00367369
0.00367194
0.00367018
0.00366842
0.00366668
0.00366495
0.0036632
0.00366145
0.0036597
0.00365797
0.00365623
0.0036545
0.00365276
0.00365101
0.00364929
0.00364756
0.00364584
0.0036441
0.00364237
0.00364066
0.00363893
0.00363721
0.00363549
0.00363378
0.00363205
0.00363034
0.00362863
0.00362692
0.0036252
0.0036235
0.00362177
0.00362008
0.00361838
0.00361666
0.00361496
0.00361326
0.00361155
0.00360986
0.00360816
0.00360647
0.00360477
0.00360308
0.00360138
0.00359969
0.003598
0.00359632
0.00359463
0.00359295
0.00359125
0.00358958
0.0035879
0.00358621
0.00358453
0.00358285
0.00358119
0.0035795
0.00357783
0.00357615
0.00357449
0.00357283
0.00357115
0.00356949
0.00356783
0.00356617
0.0035645
0.00356284
0.00356118
0.00355953
0.00355787
0.00355621
0.00355456
0.00355291
0.00355126
0.00354961
0.00354797
0.00354632
0.00354468
0.00354303
0.00354139
0.00353976
0.00353812
0.00353647
0.00353484
0.00353321
0.00353157
0.00352995
0.00352832
0.0035267
0.00352507
0.00352343
0.00352182
0.00352019
0.00351858
0.00351695
0.00351534
0.00351371
0.0035121
0.00351049
0.00350887
0.00350728
0.00350565
0.00350403
0.00350244
0.00350083
0.00349922
0.00349761
0.00349601
0.00349441
0.0034928
0.0034912
0.0034896
0.00348801
0.00348641
0.00348482
0.00348322
0.00348163
0.00348005
0.00347846
0.00347687
0.00347528
0.00347369
0.00347211
0.00347053
0.00346895
0.00346736
0.00346579
0.00346421
0.00346263
0.00346105
0.00345949
0.00345792
0.00345634
0.00345477
0.0034532
0.00345164
0.00345007
0.00344851
0.00344696
0.0034454
0.00344383
0.00344228
0.00344073
0.00343917
0.00343763
0.00343607
0.00343452
0.00343297
0.00343142
0.00342986
0.00342832
0.00342678
0.00342525
0.00342371
0.00342216
0.00342062
0.00341908
0.00341754
0.00341601
0.00341448
0.00341294
0.0034114
0.00340987
0.00340835
0.0034068
0.00340529
0.00340376
0.00340224
0.00340071
0.00339919
0.00339767
0.00339615
0.00339464
0.00339312
0.00339161
0.00339008
0.00338857
0.00338706
0.00338555
0.00338403
0.00338252
0.00338103
0.00337952
0.00337801
0.00337651
0.00337501
0.00337352
0.00337201
0.0033705
0.003369
0.00336752
0.00336601
0.00336453
0.00336302
0.00336155
0.00336004
0.00335856
0.00335707
0.00335559
0.0033541
0.00335262
0.00335114
0.00334966
0.00334817
0.0033467
0.00334522
0.00334375
0.00334226
0.00334078
0.00333931
0.00333784
0.00333636
0.00333489
0.00333343
0.00333195
0.00333049
0.00332902
0.00332755
0.00332608
0.00332463
0.00332317
0.0033217
0.00332025
0.0033188
0.00331734
0.00331589
0.00331444
0.00331298
0.00331152
0.00331008
0.00330864
0.00330718
0.00330573
0.00330429
0.00330284
0.00330141
0.00329996
0.00329852
0.00329708
0.00329564
0.0032942
0.00329277
0.00329134
0.00328991
0.00328848
0.00328703
0.00328561
0.00328418
0.00328276
0.00328133
0.0032799
0.00327849
0.00327705
0.00327564
0.00327422
0.00327281
0.00327138
0.00326996
0.00326855
0.00326713
0.00326572
0.0032643
0.0032629
0.00326148
0.00326006
0.00325867
0.00325726
0.00325585
0.00325445
0.00325303
0.00325163
0.00325024
0.00324882
0.00324743
0.00324602
0.00324463
0.00324324
0.00324184
0.00324045
0.00323906
0.00323766
0.00323626
0.00323487
0.00323349
0.0032321
0.00323071
0.00322932
0.00322794
0.00322656
0.00322517
0.00322378
0.0032224
0.00322103
0.00321966
0.00321829
0.0032169
0.00321553
0.00321415
0.00321277
0.0032114
0.00321004
0.00320868
0.0032073
0.00320594
0.00320457
0.0032032
0.00320184
0.00320048
0.00319912
0.00319776
0.0031964
0.00319505
0.00319369
0.00319233
0.00319098
0.00318961
0.00318827
0.00318692
0.00318555
0.00318421
0.00318285
0.00318151
0.00318016
0.00317881
0.00317746
0.00317612
0.00317478
0.00317343
0.00317209
0.00317076
0.00316941
0.00316807
0.00316673
0.00316541
0.00316407
0.00316272
0.00316139
0.00316006
0.00315873
0.00315739
0.00315606
0.00315474
0.00315342
0.00315209
0.00315076
0.00314944
0.0031481
0.00314679
0.00314546
0.00314414
0.00314283
0.00314151
0.00314019
0.00313887
0.00313755
0.00313623
0.00313492
0.00313361
0.00313229
0.00313098
0.00312968
0.00312837
0.00312706
0.00312576
0.00312445
0.00312315
0.00312184
0.00312055
0.00311923
0.00311794
0.00311663
0.00311534
0.00311404
0.00311274
0.00311145
0.00311017
0.00310886
0.00310758
0.00310629
0.003105
0.0031037
0.00310243
0.00310114
0.00309985
0.00309856
0.00309727
0.00309601
0.00309472
0.00309344
0.00309216
0.00309087
0.00308959
0.00308832
0.00308704
0.00308576
0.00308449
0.00308321
0.00308194
0.00308066
0.00307939
0.00307812
0.00307685
0.00307559
0.00307432
0.00307305
0.00307179
0.00307052
0.00306927
0.003068
0.00306674
0.00306548
0.00306422
0.00306296
0.00306171
0.00306045
0.00305919
0.00305794
0.00305669
0.00305544
0.00305419
0.00305292
0.00305169
0.00305044
0.00304918
0.00304794
0.0030467
0.00304544
0.0030442
0.00304295
0.00304171
0.00304048
0.00303923
0.003038
0.00303677
0.00303552
0.00303428
0.00303304
0.00303182
0.00303058
0.00302935
0.00302812
0.00302688
0.00302565
0.00302442
0.00302319
0.00302197
0.00302073
0.00301952
0.00301829
0.00301707
0.00301585
0.00301463
0.0030134
0.00301219
0.00301096
0.00300974
0.00300853
0.00300732
0.00300609
0.00300489
0.00300366
0.00300246
0.00300124
0.00300003
0.00299882
0.00299761
0.00299641
0.00299521
0.00299399
0.00299279
0.00299158
0.00299038
0.00298918
0.00298798
0.00298676
0.00298557
0.00298437
0.00298317
0.00298197
0.00298077
0.00297957
0.00297838
0.00297718
0.00297599
0.00297479
0.0029736
0.00297241
0.00297121
0.00297003
0.00296884
0.00296765
0.00296646
0.00296527
0.0029641
0.0029629
0.00296172
0.00296053
0.00295935
0.00295817
0.00295699
0.00295581
0.00295463
0.00295345
0.00295229
0.0029511
0.00294993
0.00294875
0.00294758
0.00294641
0.00294524
0.00294406
0.0029429
0.00294173
0.00294057
0.0029394
0.00293823
0.00293706
0.00293591
0.00293474
0.00293358
0.00293243
0.00293126
0.0029301
0.00292895
0.00292779
0.00292663
0.00292548
0.00292433
0.00292318
0.00292202
0.00292087
0.00291972
0.00291856
0.00291742
0.00291627
0.00291512
0.00291398
0.00291283
0.00291168
0.00291054
0.00290938
0.00290825
0.00290709
0.00290597
0.00290482
0.00290369
0.00290254
0.00290141
0.00290027
0.00289913
0.00289801
0.00289686
0.00289573
0.0028946
0.00289346
0.00289233
0.00289121
0.00289008
0.00288895
0.00288782
0.0028867
0.00288558
0.00288446
0.00288333
0.0028822
0.00288109
0.00287996
0.00287884
0.00287772
0.0028766
0.00287548
0.00287437
0.00287325
0.00287213
0.00287101
0.0028699
0.00286878
0.00286767
0.00286656
0.00286544
0.00286434
0.00286323
0.00286211
0.00286101
0.0028599
0.00285879
0.00285768
0.00285657
0.00285548
0.00285438
0.00285327
0.00285217
0.00285107
0.00284997
0.00284887
0.00284777
0.00284667
0.00284559
0.00284449
0.00284338
0.0028423
0.0028412
0.00284011
0.00283901
0.00283792
0.00283684
0.00283575
0.00283465
0.00283357
0.00283247
0.0028314
0.00283032
0.00282923
0.00282814
0.00282705
0.00282598
0.00282489
0.00282381
0.00282274
0.00282165
0.00282058
0.0028195
0.00281842
0.00281735
0.00281627
0.0028152
0.00281412
0.00281305
0.00281198
0.00281091
0.00280984
0.00280877
0.00280771
0.00280664
0.00280557
0.0028045
0.00280343
0.00280237
0.0028013
0.00280024
0.00279918
0.0027981
0.00279705
0.00279599
0.00279493
0.00279387
0.00279281
0.00279175
0.00279069
0.00278964
0.00278858
0.00278752
0.00278647
0.00278541
0.00278436
0.00278331
0.00278226
0.00278121
0.00278016
0.0027791
0.00277805
0.002777
0.00277595
0.00277491
0.00277386
0.00277282
0.00277177
0.00277072
0.00276968
0.00276863
0.00276759
0.00276655
0.00276551
0.00276447
0.00276342
0.00276239
0.00276135
0.00276031
0.00275928
0.00275824
0.0027572
0.00275617
0.00275513
0.0027541
0.00275308
0.00275203
0.00275101
0.00274997
0.00274895
0.00274791
0.00274689
0.00274585
0.00274483
0.00274381
0.00274278
0.00274175
0.00274072
0.0027397
0.00273868
0.00273765
0.00273663
0.00273561
0.0027346
0.00273358
0.00273256
0.00273154
0.00273052
0.0027295
0.00272849
0.00272747
0.00272646
0.00272544
0.00272443
0.00272342
0.00272241
0.00272141
0.00272039
0.00271938
0.00271837
0.00271737
0.00271637
0.00271536
0.00271436
0.00271335
0.00271234
0.00271134
0.00271034
0.00270933
0.00270833
0.00270733
0.00270633
0.00270533
0.00270433
0.00270333
0.00270234
0.00270134
0.00270035
0.00269936
0.00269837
0.00269737
0.00269638
0.00269539
0.0026944
0.00269341
0.00269242
0.00269143
0.00269045
0.00268946
0.00268847
0.00268749
0.0026865
0.00268552
0.00268454
0.00268355
0.00268258
0.0026816
0.00268062
0.00267963
0.00267865
0.00267768
0.0026767
0.00267572
0.00267475
0.00267376
0.0026728
0.00267181
0.00267084
0.00266986
0.0026689
0.00266792
0.00266695
0.00266598
0.002665
0.00266404
0.00266307
0.0026621
0.00266113
0.00266017
0.0026592
0.00265823
0.00265727
0.00265631
0.00265535
0.00265438
0.00265342
0.00265246
0.0026515
0.00265054
0.00264958
0.00264861
0.00264766
0.0026467
0.00264575
0.00264479
0.00264385
0.00264289
0.00264192
0.00264098
0.00264002
0.00263907
0.00263812
0.00263717
0.00263622
0.00263527
0.00263432
0.00263337
0.00263242
0.00263149
0.00263053
0.0026296
0.00262865
0.0026277
0.00262675
0.00262581
0.00262487
0.00262393
0.00262298
0.00262203
0.00262109
0.00262015
0.00261921
0.00261827
0.00261733
0.0026164
0.00261546
0.00261452
0.00261358
0.00261265
0.00261171
0.00261078
0.00260984
0.0026089
0.00260797
0.00260704
0.0026061
0.00260517
0.00260424
0.00260332
0.00260238
0.00260145
0.00260053
0.0025996
0.00259867
0.00259774
0.00259681
0.00259589
0.00259497
0.00259405
0.00259312
0.00259219
0.00259127
0.00259034
0.00258943
0.00258851
0.0025876
0.00258668
0.00258575
0.00258483
0.00258392
0.00258301
0.00258208
0.00258117
0.00258027
0.00257934
0.00257843
0.00257753
0.00257661
0.00257569
0.00257479
0.00257388
0.00257297
0.00257206
0.00257115
0.00257025
0.00256935
0.00256844
0.00256754
0.00256663
0.00256574
0.00256483
0.00256393
0.00256301
0.00256211
0.00256122
0.00256031
0.00255942
0.00255852
0.00255762
0.00255673
0.00255584
0.00255493
0.00255403
0.00255314
0.00255225
0.00255134
0.00255046
0.00254957
0.00254867
0.00254778
0.00254689
0.00254599
0.0025451
0.00254421
0.00254333
0.00254243
0.00254156
0.00254066
0.00253977
0.00253889
0.002538
0.00253713
0.00253624
0.00253535
0.00253447
0.00253359
0.0025327
0.00253182
0.00253094
0.00253007
0.00252918
0.00252831
0.00252742
0.00252654
0.00252567
0.00252479
0.00252392
0.00252305
0.00252216
0.0025213
0.00252043
0.00251955
0.00251868
0.0025178
0.00251694
0.00251606
0.00251519
0.00251433
0.00251346
0.00251258
0.00251172
0.00251085
0.00250997
0.00250912
0.00250825
0.00250739
0.00250652
0.00250565
0.00250479
0.00250393
0.00250306
0.0025022
0.00250134
0.00250048
0.00249962
0.00249876
0.0024979
0.00249704
0.00249618
0.00249532
0.00249447
0.00249361
0.00249275
0.00249189
0.00249103
0.00249019
0.00248933
0.00248848
0.00248764
0.00248678
0.00248592
0.00248507
0.00248422
0.00248336
0.00248251
0.00248167
0.00248082
0.00247998
0.00247913
0.00247828
0.00247743
0.00247659
0.00247574
0.0024749
0.00247405
0.00247322
0.00247238
0.00247153
0.0024707
0.00246985
0.00246901
0.00246817
0.00246733
0.00246649
0.00246566
0.00246482
0.00246398
0.00246314
0.00246231
0.00246148
0.00246063
0.0024598
0.00245898
0.00245813
0.0024573
0.00245647
0.00245562
0.0024548
0.00245397
0.00245314
0.00245232
0.00245147
0.00245065
0.00244983
0.00244898
0.00244816
0.00244733
0.00244651
0.00244568
0.00244484
0.00244403
0.0024432
0.00244238
0.00244154
0.00244072
0.0024399
0.00243908
0.00243826
0.00243744
0.00243662
0.0024358
0.00243497
0.00243416
0.00243333
0.00243252
0.0024317
0.00243088
0.00243008
0.00242926
0.00242844
0.00242762
0.00242681
0.002426
0.00242518
0.00242438
0.00242356
0.00242274
0.00242192
0.00242113
0.00242032
0.0024195
0.0024187
0.00241789
0.00241708
0.00241628
0.00241547
0.00241466
0.00241386
0.00241306
0.00241226
0.00241144
0.00241064
0.00240984
0.00240904
0.00240824
0.00240745
0.00240663
0.00240583
0.00240504
0.00240423
0.00240344
0.00240265
0.00240184
0.00240104
0.00240025
0.00239946
0.00239865
0.00239786
0.00239706
0.00239626
0.00239548
0.00239468
0.00239388
0.0023931
0.00239231
0.00239151
0.00239073
0.00238993
0.00238915
0.00238835
0.00238757
0.00238678
0.00238598
0.0023852
0.00238442
0.00238363
0.00238285
0.00238206
0.00238127
0.0023805
0.0023797
0.00237893
0.00237814
0.00237737
0.00237659
0.00237581
0.00237502
0.00237424
0.00237347
0.00237269
0.00237191
0.00237113
0.00237034
0.00236957
0.0023688
0.00236803
0.00236724
0.00236647
0.00236569
0.00236492
0.00236415
0.00236338
0.00236261
0.00236184
0.00236107
0.00236028
0.00235952
0.00235875
0.00235798
0.00235721
0.00235644
0.00235568
0.00235491
0.00235415
0.00235337
0.00235261
0.00235185
0.00235108
0.00235031
0.00234955
0.00234879
0.00234802
0.00234727
0.00234651
0.00234574
0.00234498
0.00234422
0.00234346
0.0023427
0.00234195
0.00234118
0.00234043
0.00233968
0.00233892
0.00233816
0.0023374
0.00233665
0.00233589
0.00233514
0.00233437
0.00233363
0.00233287
0.00233212
0.00233136
0.00233063
0.00232986
0.00232911
0.00232836
0.00232762
0.00232687
0.00232611
0.00232536
0.00232463
0.00232386
0.00232313
0.00232238
0.00232162
0.00232089
0.00232013
0.00231939
0.00231865
0.0023179
0.00231717
0.00231641
0.00231567
0.00231493
0.00231419
0.00231345
0.00231271
0.00231197
0.00231122
0.00231049
0.00230975
0.00230901
0.00230828
0.00230754
0.00230681
0.00230606
0.00230532
0.00230458
0.00230385
0.00230312
0.00230237
0.00230165
0.00230091
0.00230017
0.00229945
0.00229871
0.00229798
0.00229724
0.00229651
0.00229577
0.00229504
0.00229431
0.00229359
0.00229286
0.00229213
0.0022914
0.00229067
0.00228994
0.00228922
0.00228849
0.00228776
0.00228703
0.00228631
0.00228559
0.00228486
0.00228413
0.00228342
0.00228268
0.00228197
0.00228123
0.00228053
0.00227981
0.00227908
0.00227836
0.00227764
0.00227691
0.00227621
0.00227549
0.00227477
0.00227405
0.00227334
0.00227261
0.0022719
0.00227118
0.00227046
0.00226975
0.00226903
0.00226831
0.0022676
0.00226688
0.00226617
0.00226545
0.00226475
0.00226402
0.00226332
0.0022626
0.0022619
0.00226118
0.00226047
0.00225976
0.00225906
0.00225834
0.00225764
0.00225693
0.00225623
0.00225552
0.00225482
0.00225411
0.00225341
0.0022527
0.00225199
0.00225129
0.00225058
0.00224988
0.00224918
0.00224848
0.00224778
0.00224708
0.00224637
0.00224567
0.00224497
0.00224427
0.00224357
0.00224287
0.00224217
0.00224146
0.00224077
0.00224007
0.00223937
0.00223868
0.00223798
0.00223729
0.0022366
0.0022359
0.00223521
0.00223451
0.00223382
0.00223311
0.00223244
0.00223174
0.00223105
0.00223036
0.00222966
0.00222898
0.00222828
0.0022276
0.00222691
0.00222623
0.00222553
0.00222485
0.00222416
0.00222346
0.00222278
0.0022221
0.00222142
0.00222073
0.00222005
0.00221935
0.00221868
0.00221798
0.00221731
0.00221662
0.00221594
0.00221526
0.00221457
0.0022139
0.00221321
0.00221253
0.00221186
0.00221118
0.0022105
0.00220981
0.00220914
0.00220846
0.00220778
0.0022071
0.00220642
0.00220576
0.00220507
0.00220439
0.00220372
0.00220305
0.00220237
0.00220169
0.00220101
0.00220033
0.00219968
0.002199
0.00219832
0.00219765
0.00219698
0.00219631
0.00219564
0.00219497
0.00219429
0.00219362
0.00219296
0.00219229
0.00219162
0.00219096
0.00219028
0.00218963
0.00218895
0.00218829
0.00218762
0.00218696
0.00218629
0.00218562
0.00218496
0.0021843
0.00218363
0.00218297
0.00218231
0.00218164
0.00218099
0.00218032
0.00217967
0.002179
0.00217834
0.00217768
0.00217702
0.00217636
0.0021757
0.00217505
0.00217439
0.00217373
0.00217308
0.00217242
0.00217176
0.00217111
0.00217046
0.0021698
0.00216914
0.00216849
0.00216784
0.00216719
0.00216654
0.00216589
0.00216523
0.00216458
0.00216392
0.00216328
0.00216262
0.00216198
0.00216132
0.00216067
0.00216003
0.00215938
0.00215873
0.00215808
0.00215743
0.00215679
0.00215614
0.0021555
0.00215486
0.00215422
0.00215357
0.00215292
0.00215227
0.00215164
0.00215098
0.00215035
0.00214972
0.00214905
0.00214841
0.00214777
0.00214713
0.00214649
0.00214585
0.00214521
0.00214458
0.00214393
0.00214329
0.00214265
0.00214201
0.00214137
0.00214074
0.0021401
0.00213947
0.00213882
0.00213818
0.00213754
0.00213691
0.00213627
0.00213564
0.002135
0.00213437
0.00213373
0.00213309
0.00213246
0.00213183
0.00213119
0.00213056
0.00212994
0.0021293
0.00212868
0.00212804
0.00212741
0.00212678
0.00212615
0.00212552
0.00212489
0.00212426
0.00212363
0.00212301
0.00212238
0.00212175
0.00212112
0.00212049
0.00211987
0.00211924
0.00211862
0.00211799
0.00211736
0.00211675
0.00211612
0.00211549
0.00211487
0.00211426
0.00211362
0.002113
0.00211238
0.00211175
0.00211113
0.00211051
0.00210989
0.00210925
0.00210865
0.00210802
0.00210741
0.00210678
0.00210616
0.00210553
0.00210492
0.00210432
0.00210369
0.00210308
0.00210245
0.00210184
0.00210123
0.00210061
0.00209999
0.00209939
0.00209876
0.00209816
0.00209754
0.00209692
0.00209632
0.00209571
0.00209509
0.00209447
0.00209386
0.00209326
0.00209265
0.00209204
0.00209142
0.00209081
0.00209019
0.00208959
0.00208898
0.00208837
0.00208776
0.00208714
0.00208653
0.00208593
0.00208532
0.00208471
0.0020841
0.0020835
0.00208289
0.00208229
0.00208168
0.00208107
0.00208048
0.00207987
0.00207927
0.00207866
0.00207805
0.00207745
0.00207685
0.00207625
0.00207564
0.00207505
0.00207445
0.00207384
0.00207324
0.00207264
0.00207203
0.00207143
0.00207084
0.00207023
0.00206963
0.00206902
0.00206843
0.00206783
0.00206723
0.00206664
0.00206605
0.00206545
0.00206484
0.00206425
0.00206365
0.00206306
0.00206246
0.00206186
0.00206128
0.00206068
0.00206009
0.0020595
0.0020589
0.00205831
0.00205772
0.00205713
0.00205653
0.00205595
0.00205536
0.00205476
0.00205417
0.00205358
0.00205298
0.0020524
0.00205182
0.00205123
0.00205064
0.00205005
0.00204946
0.00204888
0.00204829
0.00204771
0.00204712
0.00204652
0.00204593
0.00204533
0.00204476
0.00204418
0.0020436
0.00204301
0.00204243
0.00204185
0.00204126
0.00204069
0.0020401
0.00203952
0.00203893
0.00203835
0.00203777
0.00203719
0.00203661
0.00203603
0.00203545
0.00203488
0.0020343
0.00203372
0.00203315
0.00203258
0.00203199
0.00203141
0.00203083
0.00203027
0.00202969
0.00202912
0.00202853
0.00202796
0.00202739
0.00202682
0.00202624
0.00202567
0.0020251
0.00202452
0.00202396
0.00202338
0.00202281
0.00202224
0.00202168
0.0020211
0.00202052
0.00201995
0.00201938
0.00201882
0.00201825
0.00201767
0.00201711
0.00201654
0.00201597
0.0020154
0.00201483
0.00201426
0.00201371
0.00201313
0.00201256
0.002012
0.00201144
0.00201087
0.0020103
0.00200973
0.00200917
0.0020086
0.00200804
0.00200747
0.00200691
0.00200635
0.00200579
0.00200522
0.00200466
0.00200409
0.00200353
0.00200297
0.0020024
0.00200184
0.00200128
0.00200072
0.00200017
0.00199961
