0.0717463
0.027886
-0.0900547
0.0372829
0.0557715
-0.0540221
0.0427428
-0.0569702
0.0225282
-0.0423589
0.107156
0.011122
-0.0752647
-0.0461099
-0.0658653
0.0194754
-0.098073
0.0468635
0.000559285
0.000186582
0.0490647
0.0290646
0.0962439
0.00321329
0.0897028
-0.0691239
0.0360319
0.117128
-0.0912505
0.0234842
-0.00912541
-0.0681407
-0.0258983
-0.120338
0.000895378
-0.00153405
0.0815851
-0.0231676
0.038939
0.0234027
-0.0650023
-0.10886
0.0540759
-0.0434808
0.0280162
-0.0980902
-0.0929099
-0.0804321
0.00594371
0.0811678
0.00780245
0.0737398
0.162123
-0.107048
0.0689527
0.0921517
-0.0385175
0.108818
0.0747799
0.0309609
0.00134305
-0.0185168
-0.00856677
0.0715867
-0.0707476
0.0119262
0.202821
0.0529958
-0.0206923
0.0686203
-0.0724968
-0.0499367
0.0410648
-0.0903886
-0.124173
0.05801
-0.0309054
0.0384437
-0.0796081
0.0511486
0.0344501
-0.0112529
0.0684475
-0.0584547
0.0111305
0.00553852
0.0411667
-0.00239386
0.0586938
0.0707486
-0.0290504
-0.119663
0.0111836
-0.11759
0.0848247
-0.0464566
0.160555
-0.0332467
-0.0952505
0.00783375
0.0221978
-0.029197
0.0124672
0.0931871
0.0724717
-0.0041369
0.0468893
0.0810701
-0.00522242
-0.0842042
-0.0239239
-0.0693952
-0.0483482
0.231926
0.22603
0.0841317
-0.160519
0.430105
-0.410998
-0.173655
-0.246481
-0.298601
-0.393697
0.334306
-0.49765
-0.518794
-0.104572
0.424197
-0.221833
-0.0478657
-0.408484
0.144415
0.0116842
-0.0843405
-0.405561
-0.129191
0.0949198
0.480599
0.223072
0.0388592
-0.0773532
0.108295
0.0777673
-0.00731238
0.0326855
-0.0892426
-0.0315167
-0.0303225
-0.0946727
0.0996712
0.0432781
0.0870594
0.0963217
-0.084318
0.0537544
0.574787
-0.217899
0.0715593
-0.286421
0.235111
-0.133564
-0.215416
-0.36209
-0.0468168
0.0932624
0.330603
0.114314
0.112884
0.0212221
0.313987
0.224577
0.213006
-0.161162
0.36581
-0.331226
-0.0614292
-0.0889788
-0.20957
-0.439954
0.330426
-0.160882
-0.290836
-0.0200519
-0.0563864
-0.0971973
0.0589632
-0.0812967
0.0238602
0.107747
-0.0711052
-0.0264775
-0.00307789
0.109829
-0.0441194
0.122718
0.0431021
0.082462
-0.0191717
-0.0658119
-0.0716602
-0.0253916
0.0422915
0.0112011
0.0848541
0.0836415
-0.0595044
-0.0532773
0.10383
-0.098818
-0.101657
-0.0488259
0.642129
-0.242209
0.0848386
-0.45511
0.193336
-0.120586
-0.0750179
-0.26897
-0.148346
-0.221554
0.585407
0.270372
0.0686721
-0.0925343
-0.489428
0.198265
-0.0286869
0.327593
-0.10161
0.161301
0.0710953
0.287293
0.226445
0.0535466
-0.371347
-0.0272572
-0.0980877
0.0799039
0.0758151
0.0158585
0.0138257
-0.0998281
0.0397152
0.0177848
-0.0593694
-0.0224337
0.127697
0.0896483
0.0784729
0.10423
0.103158
-0.112383
-0.316938
0.166055
-0.186462
0.416077
-0.210109
0.19744
0.131621
0.22641
0.144153
0.0632682
-0.37915
-0.0865632
-0.00695708
-0.0151756
0.550421
-0.21158
0.0260486
-0.450936
0.0860843
-0.121336
-0.0548844
-0.307404
-0.0849333
0.126663
0.331486
0.24294
0.306802
-0.0717357
-0.0722815
0.0493569
0.0280431
0.00388832
0.0184569
0.0570123
0.0793282
0.0721014
0.124821
0.133915
0.0306702
-0.00386311
-0.0307854
0.0333707
-0.0491147
0.0473727
0.0609955
-0.104003
0.0857192
0.022553
-0.0328675
-0.0705976
-0.111497
0.0178681
-0.0274795
0.072154
0.0552023
-0.103167
0.116746
-0.103571
-0.0348473
-0.126117
0.0111306
-0.0621895
-0.108554
0.0631737
0.0942592
-0.0265545
0.0480964
-0.0541989
0.102083
0.0155953
0.0376058
-0.163003
-0.0221722
-0.12572
-0.0552389
0.0183718
-0.0597697
0.0298092
0.0483981
0.127694
0.0710361
0.183561
0.19913
-0.057947
0.0202482
-0.0697029
-0.0176052
-0.0368035
0.0897669
-0.0313631
0.0514501
0.135159
0.117962
0.0811757
-0.0095337
0.0320703
0.0302145
0.0426478
0.0497494
0.0314343
0.0615738
-0.024338
-0.0401556
-0.0722295
-0.0405923
-0.029791
0.040414
0.0653999
0.0954529
-0.114766
0.146102
-0.0890435
-0.108062
-0.00116529
-0.0110006
-0.0497298
-0.0609347
-0.0323439
-0.159642
0.043006
-0.0243887
-0.13438
-0.0124232
-0.101368
0.082338
0.0023731
-0.0849157
0.0665049
-0.056585
-0.0306415
-0.0916437
-0.00636062
0.00776912
-0.0967522
-0.0977877
-0.0497711
-0.0334065
0.0460048
-0.0779345
0.00660923
-0.447091
0.0328565
-0.116245
0.474209
-0.204247
0.223691
0.0497507
0.40354
0.169184
0.140861
-0.532174
-0.139076
-0.213273
-0.0786429
0.484482
-0.103205
0.0569056
-0.206788
0.0778611
0.0159145
-0.105608
-0.353495
-0.0774902
-0.0460952
0.400694
0.199282
0.162524
-0.0366581
0.0232451
0.0301011
0.0334819
0.0218791
0.0385567
-0.0907044
-0.0340546
0.00528418
-0.0619098
0.0876619
0.0571638
-0.0573385
0.096572
0.00174186
-0.0974318
-0.0657027
0.0678454
0.119993
-0.0187063
0.0779438
0.0686185
-0.0721121
0.00892933
-0.0861974
-0.0660982
0.0341732
-0.208214
0.0275331
-0.00871273
-0.0163811
0.0659384
-0.0753666
-0.0589105
0.0569903
-0.0770687
-0.0814722
-0.039296
-0.0859314
-0.0107574
-0.022862
0.00511377
0.0602737
0.512298
-0.142789
-0.0238825
-0.505058
0.245266
-0.0528248
-0.114855
-0.359406
-0.155962
-0.0471284
0.638924
0.0520667
0.141493
-0.0553303
-0.488388
0.193398
-0.132533
0.223103
-0.19602
0.19246
0.113386
0.276421
0.179588
-0.039946
-0.345012
-0.203331
-0.163
-0.0599922
-0.579591
0.188785
-0.177514
0.348164
-0.307094
0.0645845
0.0170971
0.255975
0.160394
0.0231321
-0.488342
-0.0782195
-0.0244071
-0.091776
-0.225233
0.398288
0.197026
0.173591
0.172294
-0.344527
-0.1224
0.119192
-0.0718489
-0.51193
-0.194248
-0.775292
-0.779088
-0.0888869
-0.0655245
0.0176381
0.069894
0.0876069
0.0181187
-0.120979
-0.100986
-0.0367157
0.0904877
-0.127404
-0.0854273
-0.276583
-0.165369
-0.0782945
0.0193714
-0.210615
-0.155323
0.0863562
-0.157203
0.113985
0.0114482
0.00935749
-0.00116376
0.359569
-0.055435
0.0522735
0.0826182
-0.0967459
-0.0663147
-0.16413
-0.081063
-0.0658015
0.107375
0.0861026
-0.0669428
0.0213311
-0.0734188
0.0668591
0.0188296
-0.14033
0.00714739
-0.147816
-0.252623
0.341436
0.146535
0.152291
0.291304
-0.274596
-0.0244114
0.239278
-0.176599
-0.560009
-0.0912382
-0.870328
-0.789842
-0.0567788
-0.521052
0.107618
-0.173895
0.341488
-0.177158
0.186137
-0.0267272
0.242505
0.204967
0.0462123
-0.38695
-0.0912504
-0.0648457
0.0877581
-0.0792087
-0.0534101
-0.136124
0.0919534
-0.0790478
0.117602
0.0561647
0.0952878
0.0184419
0.162832
-0.0227197
-0.0719591
0.174318
-0.0787755
-0.0716823
-0.045667
-0.0106881
-0.0670784
-0.0665988
0.0377894
-0.0754739
0.053029
-0.0133902
0.162002
0.00421276
-0.0234592
-0.0729809
-0.0732372
-0.0811364
0.0168318
-0.0519741
0.0502068
-0.00934169
0.0154656
0.0817297
0.0702201
0.0573587
0.102828
-0.0508937
-0.0609728
0.0336355
-0.0614197
-0.0164059
0.0107049
0.0494005
0.00945535
-0.00241619
0.0343544
-0.0867826
-0.081046
0.00957356
-0.0926097
0.142851
-0.0447919
0.0309464
-0.076536
0.0275985
-0.00766268
0.0535254
-0.0471812
0.0297779
0.108207
0.106881
0.131122
0.0767464
0.0471378
0.0565453
0.0690443
-0.0129428
-0.0165894
-0.118001
0.0508887
-0.118799
0.0561062
-0.0911261
0.0110299
0.00323643
0.0381672
-0.0216739
0.120627
-0.0215845
-0.0694579
-0.0489747
0.0417126
0.065281
0.0818239
-0.0523149
0.125946
-0.083098
0.0945665
0.00372567
0.0841941
-0.0383575
0.00673568
-0.0907111
0.0562213
-0.0839997
0.217695
-0.610567
-0.0180531
0.184934
1.47757
-2.33638
-3.28964
1.59133
0.720815
-1.6777
1.08184
-0.162187
-1.94283
-0.768149
1.83122
-2.37323
2.03095
-0.547951
0.934501
-2.29779
0.613613
0.0317655
-0.897859
0.396637
-1.38319
-1.011
1.44066
0.336384
-1.65908
0.741526
2.58632
-3.35905
0.263518
-0.384675
1.57965
-2.45862
3.52518
-3.19982
-0.480617
3.05078
-2.55453
-0.513007
